2209
1682767963
2209
1682964573
2376
2135490589
2376
2134638621
2543
1683030076
2709
2135490589
2709
2134638621
2876
1682767963
2876
1683030076
3043
2135490589
3043
2134638621
3209
2135490589
3209
2134638621
3209
1683030076
3293
2135490589
3293
2134638621
3376
2135490589
3376
2134638621
3459
2135490589
3459
2134638621
3543
1682767963
3543
1682964573
3709
2135490589
3709
2134638621
3876
1683030076
4042
2135490589
4042
2134638621
4209
1682767963
4209
1683030076
4376
2135490589
4376
2134638621
4543
2135490589
4543
2134638621
4543
1683030076
4626
2135490589
4626
2134638621
4709
2135490589
4709
2134638621
4792
2135490589
4792
2134638621
4876
1682767963
4876
1682964573
5043
2135490589
5043
2134638621
5209
1683030076
5375
2135490589
5375
2134638621
5543
1682767963
5543
1683030076
5710
2135490589
5710
2134638621
5876
2135490589
5876
2134638621
5876
1683030076
5960
2135490589
5960
2134638621
6043
2135490589
6043
2134638621
6125
2135490589
6125
2134638621
6209
2135490589
6209
2134638621
6209
1682833500
6543
1682964573
6709
1682964573
6876
1682964573
7043
1682964573
7209
1682964573
7376
1682964573
7543
1682767963
7543
1683030076
7709
2135490589
7709
2134638621
7876
1683030076
8042
2135490589
8042
2134638621
8209
1682767963
8209
1683030076
8376
2135490589
8376
2134638621
8543
2135490589
8543
2134638621
8543
1683030076
8626
2135490589
8626
2134638621
8709
2135490589
8709
2134638621
8792
2135490589
8792
2134638621
8876
1682767963
8876
1682964573
9043
2135490589
9043
2134638621
9209
1683030076
9375
2135490589
9375
2134638621
9543
1682767963
9543
1683030076
9710
2135490589
9710
2134638621
9876
2135490589
9876
2134638621
9876
1683030076
9960
2135490589
9960
2134638621
10043
2135490589
10043
2134638621
10125
2135490589
10125
2134638621
10209
1682767963
10209
1682964573
10376
2135490589
10376
2134638621
10543
1683030076
10709
2135490589
10709
2134638621
10876
1682767963
10876
1683030076
11043
2135490589
11043
2134638621
11209
2135490589
11209
2134638621
11209
1683030076
11293
2135490589
11293
2134638621
11376
2135490589
11376
2134638621
11459
2135490589
11459
2134638621
11543
2135490589
11543
2134638621
11543
1682833500
11876
1682964573
12043
1682964573
12209
1682964573
12376
1682964573
12543
1682964573
12709
1682964573
12876
2135490589
12876
2134638621
12876
1682767963
12876
1683030076
12959
2135490589
12959
2134638621
13043
2135490589
13043
2134638621
13126
2135490589
13126
2134638621
13209
2135490589
13209
2134638621
13209
1683030076
13293
2135490589
13293
2134638621
13375
2135490589
13375
2134638621
13459
2135490589
13459
2134638621
13543
2135490589
13543
2134638621
13543
1682767963
13543
1683030076
13626
2135490589
13626
2134638621
13710
2135490589
13710
2134638621
13793
2135490589
13793
2134638621
13876
2135490589
13876
2134638621
13876
1683030076
13960
2135490589
13960
2134638621
14043
2135490589
14043
2134638621
14126
2135490589
14126
2134638621
14209
2135490589
14209
2134638621
14209
1682767963
14209
1682964573
14292
2135490589
14292
2134638621
14376
2135490589
14376
2134638621
14460
2135490589
14460
2134638621
14543
2135490589
14543
2134638621
14543
1683030076
14626
2135490589
14626
2134638621
14708
2135490589
14708
2134638621
14792
2135490589
14792
2134638621
14876
2135490589
14876
2134638621
14876
1682767963
14876
1683030076
14959
2135490589
14959
2134638621
15043
2135490589
15043
2134638621
15126
2135490589
15126
2134638621
15209
2135490589
15209
2134638621
15209
1683030076
15293
2135490589
15293
2134638621
15376
2135490589
15376
2134638621
15460
2135490589
15460
2134638621
15543
2135490589
15543
2134638621
15543
1682767963
15543
1682964573
15626
2135490589
15626
2134638621
15710
2135490589
15710
2134638621
15793
2135490589
15793
2134638621
15876
2135490589
15876
2134638621
15876
1683030076
15960
2135490589
15960
2134638621
16042
2135490589
16042
2134638621
16125
2135490589
16125
2134638621
16209
2135490589
16209
2134638621
16209
1682767963
16209
1683030076
16292
2135490589
16292
2134638621
16376
2135490589
16376
2134638621
16460
2135490589
16460
2134638621
16543
2135490589
16543
2134638621
16543
1683030076
16627
2135490589
16627
2134638621
16710
2135490589
16710
2134638621
16793
2135490589
16793
2134638621
16876
2135490589
16876
2134638621
16876
1682833500
17209
1682964573
17376
1682964573
17543
1682964573
17709
1682964573
17876
1682964573
18043
1682964573
18209
2135490589
18209
2134638621
18209
1682767963
18209
1683030076
18292
2135490589
18292
2134638621
18376
2135490589
18376
2134638621
18460
2135490589
18460
2134638621
18543
2135490589
18543
2134638621
18543
1683030076
18626
2135490589
18626
2134638621
18708
2135490589
18708
2134638621
18792
2135490589
18792
2134638621
18876
2135490589
18876
2134638621
18876
1682767963
18876
1683030076
18959
2135490589
18959
2134638621
19043
2135490589
19043
2134638621
19126
2135490589
19126
2134638621
19209
2135490589
19209
2134638621
19209
1683030076
19293
2135490589
19293
2134638621
19376
2135490589
19376
2134638621
19460
2135490589
19460
2134638621
19543
2135490589
19543
2134638621
19543
1682767963
19543
1682964573
19625
2135490589
19625
2134638621
19709
2135490589
19709
2134638621
19793
2135490589
19793
2134638621
19876
2135490589
19876
2134638621
19876
1683030076
19959
2135490589
19959
2134638621
20041
2135490589
20041
2134638621
20125
2135490589
20125
2134638621
20209
2135490589
20209
2134638621
20209
1682767963
20209
1683030076
20292
2135490589
20292
2134638621
20376
2135490589
20376
2134638621
20460
2135490589
20460
2134638621
20543
2135490589
20543
2134638621
20543
1683030076
20626
2135490589
20626
2134638621
20709
2135490589
20709
2134638621
20793
2135490589
20793
2134638621
20876
2135490589
20876
2134638621
20876
1682767963
20876
1682964573
20959
2135490589
20959
2134638621
21043
2135490589
21043
2134638621
21126
2135490589
21126
2134638621
21209
2135490589
21209
2134638621
21209
1683030076
21293
2135490589
21293
2134638621
21375
2135490589
21375
2134638621
21459
2135490589
21459
2134638621
21543
2135490589
21543
2134638621
21543
1682767963
21543
1683030076
21625
2135490589
21625
2134638621
21709
2135490589
21709
2134638621
21793
2135490589
21793
2134638621
21876
2135490589
21876
2134638621
21876
1683030076
21960
2135490589
21960
2134638621
22043
2135490589
22043
2134638621
22126
2135490589
22126
2134638621
22209
1682767963
22209
1682964573
22376
1682767963
22459
1682767963
22543
1682767963
22709
1682767963
22876
1682767963
23043
1681850426
23043
1682702394
23209
1682636859
23209
1681784891
23376
2135490589
23376
2134638621
23376
1682833500
27209
1682636859
27209
1681784891
27228
2135556125
27228
2134704157
27376
2135490589
27376
2134638621
27543
1682767963
27543
1682964573
27709
2135490589
27709
2134638621
27876
1682767963
27876
1682964573
28043
2135490589
28043
2134638621
28209
1682767963
28239
1682767963
28376
2135490589
28376
2134638621
28376
1683030076
28543
2135490589
28543
2134638621
28543
1682833500
28709
2135490589
28709
2134638621
28709
1683030076
29209
2135490589
29209
2134638621
29209
1683030076
29543
1682767963
29543
1683030076
29876
1683030076
30043
1682767963
30126
1682767963
30209
2135490589
30209
2134638621
30209
1683030076
30376
1682767963
30543
2135490589
30543
2134638621
30543
1683030076
30709
2135490589
30709
2134638621
30876
1682767963
30876
1683030076
31043
2135490589
31043
2134638621
31209
1682767963
31376
2135490589
31376
2134638621
31376
1682833500
31876
2135490589
31876
2134638621
31876
1683030076
32209
1682767963
32209
1683030076
32543
2135490589
32543
2134638621
32543
1683030076
32710
1682767963
32793
1682767963
32876
2135490589
32876
2134638621
32876
1682964573
33043
1682767963
33209
2135490589
33209
2134638621
33209
1682964573
33375
2135490589
33375
2134638621
33543
1682767963
33543
1682964573
33710
2135490589
33710
2134638621
33876
1682767963
34043
2135490589
34043
2134638621
34043
1682833500
34543
2135490589
34543
2134638621
34543
1683030076
34876
1682767963
34876
1683030076
35209
1683030076
35376
1682767963
35460
1682767963
35543
2135490589
35543
2134638621
35543
1683030076
35709
1682767963
35876
2135490589
35876
2134638621
35876
1683030076
36042
2135490589
36042
2134638621
36209
1682767963
36209
1683030076
36376
2135490589
36376
2134638621
36543
1682767963
36709
2135490589
36709
2134638621
36709
1682833500
37209
2135490589
37209
2134638621
37209
1683030076
37543
1682767963
37543
1683030076
37876
2135490589
37876
2134638621
37876
1683030076
38043
1682767963
38126
1682767963
38209
2135490589
38209
2134638621
38209
1682964573
38376
1682767963
38543
2135490589
38543
2134638621
38543
1682964573
38708
2135490589
38708
2134638621
38876
1682767963
38907
1682767963
39043
1682636859
39043
1681784891
39209
2135556125
39209
2134704157
39376
2135490589
39376
2134638621
39376
1682833500
39709
2135490589
39709
2134638621
39876
2135490589
39876
2134638621
39876
1682767963
39876
1682833500
40209
2135490589
40209
2134638621
40209
1682833500
40543
2135490589
40543
2134638621
40543
1682767963
40543
1682833500
40876
2135490589
40876
2134638621
40876
1682833500
41209
2135490589
41209
2134638621
41209
1682767963
41209
1682833500
41543
2135490589
41543
2134638621
41543
1682833500
41709
2135490589
41709
2134638621
41876
1682767963
41876
1682833500
42043
2135490589
42043
2134638621
42209
1682833500
42376
2135490589
42376
2134638621
42543
2135490589
42543
2134638621
42543
1682767963
42543
1682833500
42876
2135490589
42876
2134638621
42876
1682833500
43209
2135490589
43209
2134638621
43209
1682767963
43209
1682833500
43543
1682767963
43543
1682833500
43709
2135490589
43709
2134638621
43876
1682767963
43876
1682833500
44043
2135490589
44043
2134638621
44209
1682767963
44209
1682833500
44376
2135490589
44376
2134638621
44543
1682767963
44543
1682833500
44709
2135490589
44709
2134638621
44709
1683030076
45043
2135490589
45043
2134638621
45209
2135490589
45209
2134638621
45209
1682767963
45209
1682833500
45543
2135490589
45543
2134638621
45543
1682833500
45876
2135490589
45876
2134638621
45876
1682767963
45876
1682833500
46209
2135490589
46209
2134638621
46209
1682833500
46543
2135490589
46543
2134638621
46543
1682767963
46543
1682833500
46876
2135490589
46876
2134638621
46876
1682833500
47043
2135490589
47043
2134638621
47209
1682767963
47209
1682833500
47376
2135490589
47376
2134638621
47543
1682833500
47709
2135490589
47709
2134638621
47876
2135490589
47876
2134638621
47876
1682767963
47876
1682833500
48209
2135490589
48209
2134638621
48209
1682833500
48543
2135490589
48543
2134638621
48543
1682767963
48543
1682833500
48876
2135490589
48876
2134638621
48876
1682833500
49043
1682767963
49209
1682767963
49376
1682767963
49543
1682767963
49709
1681850426
49709
1682702394
49876
1682636859
49876
1681784891
50043
2135490589
50043
2134638621
50043
1682833500
50543
1682964573
50709
1682964573
50876
1682767963
50876
1682964573
51043
1682964573
51209
1682964573
51376
2135490589
51376
2134638621
51376
1682833500
51876
1682964573
52042
1682964573
52209
1682767963
52209
1682964573
52376
1682964573
52543
1682964573
52709
2135490589
52709
2134638621
52709
1682833500
53043
2135490589
53043
2134638621
53126
2135490589
53126
2134638621
53209
2135490589
53209
2134638621
53209
1683030076
53376
2135490589
53376
2134638621
53459
2135490589
53459
2134638621
53543
1682767963
53543
1683030076
53709
2135490589
53709
2134638621
53793
2135490589
53793
2134638621
53876
2135490589
53876
2134638621
53876
1683030076
54043
2135490589
54043
2134638621
54126
2135490589
54126
2134638621
54209
2135490589
54209
2134638621
54209
1683030076
54376
2135490589
54376
2134638621
54459
2135490589
54459
2134638621
54543
2135490589
54543
2134638621
54543
1683030076
54709
2135490589
54709
2134638621
54793
2135490589
54793
2134638621
54876
1682767963
54876
1683030076
55043
2135490589
55043
2134638621
55126
2135490589
55126
2134638621
55209
2135490589
55209
2134638621
55209
1683030076
55376
2135490589
55376
2134638621
55376
1682833500
55876
1682964573
56042
1682964573
56209
1682767963
56209
1682964573
56376
1682964573
56543
1682964573
56709
2135490589
56709
2134638621
56709
1682833500
57209
1682964573
57375
1682964573
57543
1682767963
57543
1682964573
57710
1682964573
57876
1682964573
58043
2135490589
58043
2134638621
58043
1682833500
58376
2135490589
58376
2134638621
58459
2135490589
58459
2134638621
58543
2135490589
58543
2134638621
58543
1683030076
58709
2135490589
58709
2134638621
58792
2135490589
58792
2134638621
58876
1682767963
58876
1683030076
59042
2135490589
59042
2134638621
59126
2135490589
59126
2134638621
59209
2135490589
59209
2134638621
59209
1683030076
59376
2135490589
59376
2134638621
59376
1682833500
59709
1682767963
59709
1682964573
59876
1682767963
59876
1682964573
60043
2135490589
60043
2134638621
60209
1682767963
60209
1682964573
60376
2135490589
60376
2134638621
60543
1682767963
60709
2135490589
60709
2134638621
60709
1683030076
61043
2135490589
61043
2134638621
61043
1682964573
61209
2135490589
61209
2134638621
61209
1682964573
61376
2135490589
61376
2134638621
61376
1682964573
61543
1682767963
61543
1682964573
61709
2135490589
61709
2134638621
61709
1682964573
61876
2135490589
61876
2134638621
61876
1682964573
62043
2135490589
62043
2134638621
62043
1682964573
62209
1682767963
62209
1682964573
62376
2135490589
62376
2134638621
62376
1682964573
62543
2135490589
62543
2134638621
62543
1682964573
62710
2135490589
62710
2134638621
62710
1682964573
62876
1682767963
62876
1682964573
63043
2135490589
63043
2134638621
63043
1682964573
63209
2135490589
63209
2134638621
63209
1682964573
63376
2135490589
63376
2134638621
63376
1682833500
63709
2135490589
63709
2134638621
63876
2135490589
63876
2134638621
63876
1683030076
64043
2135490589
64043
2134638621
64209
1682767963
64209
1683030076
64375
2135490589
64375
2134638621
64543
2135490589
64543
2134638621
64543
1683030076
64710
2135490589
64710
2134638621
64876
1682767963
64876
1683030076
65042
2135490589
65042
2134638621
65209
2135490589
65209
2134638621
65209
1683030076
65376
2135490589
65376
2134638621
65543
1682767963
65543
1683030076
65708
2135490589
65708
2134638621
65876
2135490589
65876
2134638621
65876
1683030076
66043
2135490589
66043
2134638621
66043
1682833500
66376
2135490589
66376
2134638621
66376
1682964573
66543
2135490589
66543
2134638621
66543
1682964573
66709
2135490589
66709
2134638621
66709
1682964573
66876
1682767963
66876
1682964573
67042
2135490589
67042
2134638621
67042
1682964573
67209
2135490589
67209
2134638621
67209
1682964573
67376
2135490589
67376
2134638621
67376
1682964573
67543
1682767963
67543
1682964573
67709
2135490589
67709
2134638621
67709
1682964573
67876
2135490589
67876
2134638621
67876
1682964573
68043
2135490589
68043
2134638621
68043
1682964573
68209
1682767963
68209
1682964573
68376
2135490589
68376
2134638621
68376
1682964573
68543
2135490589
68543
2134638621
68543
1682964573
68709
2135490589
68709
2134638621
68709
1682833500
69042
1682767963
69209
1682767963
69376
1682767963
69543
1682767963
69709
1681850426
69709
1682702394
69876
1682636859
69876
1681784891
70043
2135490589
70043
2134638621
70043
1682833500
71376
2135490589
71376
2134638621
71376
1682833500
71376
1683030076
71709
2135490589
71709
2134638621
71876
1682767963
71876
1682833500
72209
2135490589
72209
2134638621
72209
1682833500
72376
2135490589
72376
2134638621
72543
1682767963
72543
1682833500
72876
2135490589
72876
2134638621
72876
1682833500
73043
2135490589
73043
2134638621
73209
1682767963
73209
1682833500
73543
2135490589
73543
2134638621
73543
1682833500
73709
2135490589
73709
2134638621
73876
1682767963
74043
2135490589
74043
2134638621
74043
1683030076
74376
2135490589
74376
2134638621
74543
1682767963
74543
1682833500
74876
2135490589
74876
2134638621
74876
1682833500
75043
2135490589
75043
2134638621
75209
1682767963
75209
1682833500
75543
2135490589
75543
2134638621
75543
1682833500
75710
2135490589
75710
2134638621
75876
1682767963
75876
1682833500
76209
2135490589
76209
2134638621
76209
1682833500
76376
1682767963
76543
1682767963
76710
2135490589
76710
2134638621
76710
1682833500
76876
1683030076
77043
2135490589
77043
2134638621
77209
1682767963
77209
1683030076
77376
2135490589
77376
2134638621
77543
1682767963
77543
1683030076
77709
2135490589
77709
2134638621
77876
1682767963
77876
1683030076
78043
2135490589
78043
2134638621
78209
1682767963
78209
1683030076
78376
2135490589
78376
2134638621
78543
1682767963
78543
1683030076
78709
2135490589
78709
2134638621
78876
1682767963
78876
1683030076
79042
1682767963
79126
1682767963
79209
1682767963
79293
1682767963
79376
2135490589
79376
2134638621
79376
1683030076
79709
2135490589
79709
2134638621
79876
1682767963
79876
1683030076
80043
2135490589
80043
2134638621
80209
1682767963
80209
1683030076
80375
2135490589
80375
2134638621
80543
1682767963
80543
1683030076
80710
2135490589
80710
2134638621
80876
1682767963
80876
1683030076
81043
2135490589
81043
2134638621
81209
1682767963
81209
1683030076
81375
2135490589
81375
2134638621
81543
1682767963
81543
1683030076
81709
1682767963
81793
1682767963
81876
1682767963
81960
1682767963
82043
2135490589
82043
2134638621
82043
1683030076
82375
2135490589
82375
2134638621
82543
1682767963
82543
1683030076
82709
2135490589
82709
2134638621
82876
1682767963
82876
1683030076
83042
2135490589
83042
2134638621
83209
1682767963
83209
1683030076
83376
2135490589
83376
2134638621
83543
1682767963
83543
1683030076
83709
2135490589
83709
2134638621
83876
1682767963
83876
1683030076
84042
2135490589
84042
2134638621
84209
1682767963
84209
1683030076
84376
1682636859
84376
1681784891
84459
1682636859
84459
1681784891
84543
2135556125
84543
2134704157
84626
2135556125
84626
2134704157
84709
2135490589
84709
2134638621
84709
1683030076
85042
2135490589
85042
2134638621
85209
1682767963
85209
1683030076
85376
2135490589
85376
2134638621
85543
1682767963
85543
1683030076
85709
2135490589
85709
2134638621
85876
1682767963
85876
1683030076
86043
2135490589
86043
2134638621
86209
1682767963
86209
1683030076
86376
2135490589
86376
2134638621
86543
1682767963
86543
1683030076
86709
2135490589
86709
2134638621
86876
1682767963
86876
1683030076
87043
2135490589
87043
2134638621
87209
1682767963
87293
1682767963
87376
2135490589
87376
2134638621
87376
1682833500
87709
2135490589
87709
2134638621
87876
1682767963
87876
1683030076
88043
2135490589
88043
2134638621
88209
1682767963
88209
1683030076
88375
2135490589
88375
2134638621
88543
1682767963
88543
1683030076
88710
2135490589
88710
2134638621
88876
1682767963
88876
1683030076
89043
1682767963
89126
1682767963
89209
1682767963
89293
1682767963
89376
1681850426
89376
1682702394
89459
1681850426
89459
1682702394
89543
1681850426
89543
1682702394
89626
1681850426
89626
1682702394
89709
1682636859
89709
1681784891
89793
1682636859
89793
1681784891
89876
2135556125
89876
2134704157
89960
2135556125
89960
2134704157
90043
2135490589
90043
2134638621
90043
1683030076
92209
1682767963
92209
1682964573
92376
2135490589
92376
2134638621
92376
1683030076
92543
2135490589
92543
2134638621
92543
1682833500
92709
2135490589
92709
2134638621
92709
1683030076
93543
1682767963
93543
1683030076
94043
1682767963
94126
1682767963
94209
2135490589
94209
2134638621
94209
1683030076
94376
1682767963
94543
2135490589
94543
2134638621
94709
2135490589
94709
2134638621
94876
1682767963
94876
1683030076
95043
2135490589
95043
2134638621
95209
1682767963
95376
2135490589
95376
2134638621
95376
1682833500
96209
1682767963
96209
1683030076
96876
2135490589
96876
2134638621
96876
1683030076
97543
1682767963
97543
1683030076
98043
2135490589
98043
2134638621
98043
1682833500
98043
1683030076
98876
1682767963
98876
1683030076
99376
1682767963
99460
1682767963
99543
2135490589
99543
2134638621
99543
1683030076
99709
1682767963
99876
2135490589
99876
2134638621
100042
2135490589
100042
2134638621
100209
1682767963
100209
1683030076
100376
1682767963
100459
1682767963
100543
1682767963
100626
1682767963
100709
2135490589
100709
2134638621
100709
1682833500
101209
2135490589
101209
2134638621
101209
1683030076
101293
2135490589
101293
2134638621
101376
2135490589
101376
2134638621
101459
2135490589
101459
2134638621
101543
2135490589
101543
2134638621
101543
1682767963
101543
1683030076
101626
2135490589
101626
2134638621
101709
2135490589
101709
2134638621
101793
2135490589
101793
2134638621
101876
2135490589
101876
2134638621
101876
1683030076
101960
2135490589
101960
2134638621
102043
2135490589
102043
2134638621
102125
2135490589
102125
2134638621
102209
2135490589
102209
2134638621
102209
1682767963
102209
1683030076
102292
2135490589
102292
2134638621
102375
2135490589
102375
2134638621
102459
2135490589
102459
2134638621
102543
2135490589
102543
2134638621
102543
1683030076
102626
2135490589
102626
2134638621
102709
2135490589
102709
2134638621
102792
2135490589
102792
2134638621
102876
2135490589
102876
2134638621
102876
1682767963
102876
1683030076
102959
2135490589
102959
2134638621
103042
2135490589
103042
2134638621
103126
2135490589
103126
2134638621
103209
2135490589
103209
2134638621
103209
1683030076
103293
2135490589
103293
2134638621
103376
2135490589
103376
2134638621
103459
2135490589
103459
2134638621
103543
2135490589
103543
2134638621
103543
1682767963
103543
1683030076
103626
2135490589
103626
2134638621
103709
2135490589
103709
2134638621
103793
2135490589
103793
2134638621
103876
2135490589
103876
2134638621
103876
1683030076
103960
2135490589
103960
2134638621
104043
2135490589
104043
2134638621
104125
2135490589
104125
2134638621
104209
2135490589
104209
2134638621
104209
1682767963
104209
1683030076
104292
2135490589
104292
2134638621
104375
2135490589
104375
2134638621
104459
2135490589
104459
2134638621
104543
2135490589
104543
2134638621
104543
1683030076
104626
2135490589
104626
2134638621
104709
2135490589
104709
2134638621
104792
2135490589
104792
2134638621
104876
2135490589
104876
2134638621
104876
1682767963
104876
1683030076
104959
2135490589
104959
2134638621
105042
2135490589
105042
2134638621
105126
2135490589
105126
2134638621
105209
2135490589
105209
2134638621
105209
1683030076
105293
2135490589
105293
2134638621
105376
2135490589
105376
2134638621
105459
2135490589
105459
2134638621
105543
1682767963
105626
1681850426
105626
1682702394
105709
1682636859
105709
1681784891
105793
1682636859
105793
1681784891
105876
2135556125
105876
2134704157
105959
2135490589
105959
2134638621
106043
1682767963
106043
1683030076
106543
2135490589
106543
2134638621
106543
1683030076
106626
2135490589
106626
2134638621
106709
2135490589
106709
2134638621
106792
2135490589
106792
2134638621
106876
2135490589
106876
2134638621
106876
1682767963
106876
1683030076
106959
2135490589
106959
2134638621
107042
2135490589
107042
2134638621
107126
2135490589
107126
2134638621
107209
2135490589
107209
2134638621
107209
1683030076
107293
2135490589
107293
2134638621
107376
2135490589
107376
2134638621
107459
2135490589
107459
2134638621
107543
2135490589
107543
2134638621
107543
1682767963
107543
1683030076
107626
2135490589
107626
2134638621
107709
2135490589
107709
2134638621
107793
2135490589
107793
2134638621
107876
2135490589
107876
2134638621
107876
1683030076
107960
2135490589
107960
2134638621
108043
2135490589
108043
2134638621
108125
2135490589
108125
2134638621
108209
2135490589
108209
2134638621
108209
1682767963
108209
1683030076
108292
2135490589
108292
2134638621
108375
2135490589
108375
2134638621
108459
2135490589
108459
2134638621
108543
2135490589
108543
2134638621
108543
1683030076
108626
2135490589
108626
2134638621
108709
2135490589
108709
2134638621
108792
2135490589
108792
2134638621
108876
2135490589
108876
2134638621
108876
1682767963
108876
1683030076
108959
2135490589
108959
2134638621
109042
2135490589
109042
2134638621
109126
2135490589
109126
2134638621
109209
2135490589
109209
2134638621
109209
1683030076
109293
2135490589
109293
2134638621
109376
2135490589
109376
2134638621
109459
2135490589
109459
2134638621
109543
1682767963
109543
1682964573
109709
1682767963
109793
1682767963
109876
1682767963
109959
1682767963
110043
1682767963
110126
1682767963
110209
1682767963
110293
1682767963
110376
1681850426
110376
1682702394
110459
1681850426
110459
1682702394
110543
1681850426
110543
1682702394
110626
1681850426
110626
1682702394
110709
1681850426
110709
1682702394
110793
1681850426
110793
1682702394
110876
1681850426
110876
1682702394
110959
1681850426
110959
1682702394
111043
1682636859
111043
1681784891
111126
1682636859
111126
1681784891
111209
2135556125
111209
2134704157
111293
2135556125
111293
2134704157
111376
2135490589
111376
2134638621
111376
1683030076
111876
1682964573
112042
1682964573
112209
1682767963
112209
1682964573
112376
1682964573
112543
1682964573
112709
2135490589
112709
2134638621
112709
1682833500
113209
1682964573
113375
1682964573
113543
1682767963
113543
1682964573
113709
1682964573
113876
1682964573
114042
2135490589
114042
2134638621
114042
1682833500
114376
2135490589
114376
2134638621
114459
2135490589
114459
2134638621
114543
2135490589
114543
2134638621
114543
1683030076
114709
2135490589
114709
2134638621
114792
2135490589
114792
2134638621
114876
1682767963
114876
1683030076
115042
2135490589
115042
2134638621
115126
2135490589
115126
2134638621
115209
2135490589
115209
2134638621
115209
1683030076
115376
2135490589
115376
2134638621
115459
2135490589
115459
2134638621
115543
2135490589
115543
2134638621
115543
1683030076
115709
2135490589
115709
2134638621
115792
2135490589
115792
2134638621
115876
2135490589
115876
2134638621
115876
1683030076
116042
2135490589
116042
2134638621
116126
2135490589
116126
2134638621
116209
1682767963
116209
1683030076
116376
2135490589
116376
2134638621
116459
2135490589
116459
2134638621
116543
2135490589
116543
2134638621
116543
1683030076
116709
2135490589
116709
2134638621
116709
1682833500
117209
1682964573
117375
1682964573
117543
1682767963
117543
1682964573
117709
1682964573
117876
1682964573
118042
2135490589
118042
2134638621
118042
1682833500
118543
1682964573
118708
1682964573
118876
1682767963
118876
1682964573
119043
1682964573
119209
1682964573
119376
2135490589
119376
2134638621
119376
1682833500
119709
2135490589
119709
2134638621
119792
2135490589
119792
2134638621
119876
2135490589
119876
2134638621
119876
1683030076
120042
2135490589
120042
2134638621
120125
2135490589
120125
2134638621
120209
1682767963
120209
1683030076
120375
2135490589
120375
2134638621
120459
2135490589
120459
2134638621
120543
2135490589
120543
2134638621
120543
1683030076
120709
2135490589
120709
2134638621
120709
1682833500
121042
1682767963
121209
1682767963
121376
1682767963
121543
1682767963
121709
1681850426
121709
1682702394
121876
1682636859
121876
1681784891
122042
2135490589
122042
2134638621
122042
1682833500
122376
1682636859
122376
1681784891
122376
2135556125
122376
2134704157
122543
1682636859
122543
1681784891
122543
2135556125
122543
2134704157
122709
2135490589
122709
2134638621
122876
1682767963
122876
1682964573
123042
2135490589
123042
2134638621
123209
1682636859
123209
1681784891
123209
2135556125
123209
2134704157
123376
2135490589
123376
2134638621
123376
1683030076
123709
1682636859
123709
1681784891
123709
2135556125
123709
2134704157
123876
1682636859
123876
1681784891
123876
2135556125
123876
2134704157
124042
2135490589
124042
2134638621
124209
1682767963
124209
1682964573
124375
2135490589
124375
2134638621
124542
1682636859
124542
1681784891
124542
2135556125
124542
2134704157
124709
2135490589
124709
2134638621
124709
1683030076
125043
1682636859
125043
1681784891
125043
2135556125
125043
2134704157
125210
1682636859
125210
1681784891
125210
2135556125
125210
2134704157
125376
2135490589
125376
2134638621
125543
1682767963
125543
1682964573
125709
2135490589
125709
2134638621
125877
1682636859
125877
1681784891
125877
2135556125
125877
2134704157
126043
2135490589
126043
2134638621
126043
1683030076
126376
2135490589
126376
2134638621
126543
2135490589
126543
2134638621
126543
1683030076
126709
2135490589
126709
2134638621
126876
1682767963
126876
1683030076
127043
2135490589
127043
2134638621
127209
1682767963
127376
2135490589
127376
2134638621
127376
1683030076
127709
1682636859
127709
1681784891
127709
2135556125
127709
2134704157
127876
1682636859
127876
1681784891
127876
2135556125
127876
2134704157
128042
2135490589
128042
2134638621
128209
1682767963
128209
1682964573
128375
2135490589
128375
2134638621
128542
1682636859
128542
1681784891
128542
2135556125
128542
2134704157
128709
2135490589
128709
2134638621
128709
1683030076
129043
1682636859
129043
1681784891
129043
2135556125
129043
2134704157
129210
1682636859
129210
1681784891
129210
2135556125
129210
2134704157
129376
2135490589
129376
2134638621
129543
1682767963
129543
1682964573
129709
2135490589
129709
2134638621
129877
1682636859
129877
1681784891
129877
2135556125
129877
2134704157
130043
2135490589
130043
2134638621
130043
1683030076
130376
1682767963
130543
1682767963
130709
1682767963
130876
1682767963
131043
1682767963
131209
1682767963
131376
2135490589
131376
2134638621
131376
1682833500
132709
2135490589
132709
2134638621
132709
1682833500
132709
1683030076
133042
2135490589
133042
2134638621
133209
1682767963
133209
1682833500
133542
2135490589
133542
2134638621
133542
1682833500
133709
2135490589
133709
2134638621
133876
1682767963
133876
1682833500
134209
2135490589
134209
2134638621
134209
1682833500
134376
2135490589
134376
2134638621
134542
1682767963
134542
1682833500
134876
2135490589
134876
2134638621
134876
1682833500
135042
2135490589
135042
2134638621
135209
1682767963
135376
2135490589
135376
2134638621
135376
1683030076
135709
2135490589
135709
2134638621
135876
1682767963
135876
1682833500
136209
2135490589
136209
2134638621
136209
1682833500
136376
2135490589
136376
2134638621
136542
1682767963
136542
1682833500
136876
2135490589
136876
2134638621
136876
1682833500
137043
2135490589
137043
2134638621
137209
1682767963
137209
1682833500
137542
2135490589
137542
2134638621
137542
1682833500
137709
1682767963
137876
1682767963
138043
2135490589
138043
2134638621
138043
1682833500
138209
1683030076
138376
2135490589
138376
2134638621
138542
1682767963
138542
1683030076
138709
2135490589
138709
2134638621
138876
1682767963
138876
1683030076
139042
2135490589
139042
2134638621
139209
1682767963
139209
1683030076
139376
2135490589
139376
2134638621
139542
1682767963
139542
1683030076
139709
2135490589
139709
2134638621
139876
1682767963
139876
1683030076
140042
2135490589
140042
2134638621
140209
1682767963
140209
1683030076
140375
1682767963
140459
1682767963
140542
1682767963
140626
1682767963
140709
2135490589
140709
2134638621
140709
1683030076
141042
2135490589
141042
2134638621
141209
1682767963
141209
1683030076
141376
2135490589
141376
2134638621
141542
1682767963
141542
1683030076
141708
2135490589
141708
2134638621
141876
1682767963
141876
1683030076
142043
2135490589
142043
2134638621
142209
1682767963
142209
1683030076
142376
2135490589
142376
2134638621
142542
1682767963
142542
1683030076
142708
2135490589
142708
2134638621
142876
1682767963
142876
1683030076
143042
1682767963
143126
1682767963
143209
1682767963
143293
1682767963
143376
2135490589
143376
2134638621
143376
1683030076
143708
2135490589
143708
2134638621
143876
1682767963
143876
1683030076
144042
2135490589
144042
2134638621
144209
1682767963
144209
1683030076
144375
2135490589
144375
2134638621
144542
1682767963
144542
1683030076
144709
2135490589
144709
2134638621
144876
1682767963
144876
1683030076
145042
2135490589
145042
2134638621
145209
1682767963
145209
1683030076
145375
2135490589
145375
2134638621
145542
1682767963
145626
1682767963
145709
1682636859
145709
1681784891
145792
1682636859
145792
1681784891
145876
2135556125
145876
2134704157
145959
2135556125
145959
2134704157
146042
2135490589
146042
2134638621
146042
1683030076
146375
2135490589
146375
2134638621
146542
1682767963
146542
1683030076
146709
2135490589
146709
2134638621
146876
1682767963
146876
1683030076
147042
2135490589
147042
2134638621
147209
1682767963
147209
1683030076
147376
2135490589
147376
2134638621
147542
1682767963
147542
1683030076
147709
2135490589
147709
2134638621
147876
1682767963
147876
1683030076
148042
2135490589
148042
2134638621
148209
1682767963
148209
1683030076
148376
1682767963
148459
1682767963
148542
1682767963
148626
1682767963
148709
2135490589
148709
2134638621
148709
1682833500
149042
2135490589
149042
2134638621
149209
1682767963
149209
1683030076
149376
2135490589
149376
2134638621
149542
1682767963
149542
1683030076
149708
2135490589
149708
2134638621
149876
1682767963
149876
1683030076
150043
2135490589
150043
2134638621
150209
1682767963
150209
1683030076
150376
1682767963
150542
1682767963
150709
1682767963
150876
1682767963
151042
1681850426
151042
1682702394
151209
1682636859
151209
1681784891
151376
2135556125
151376
2134704157
151543
2135490589
151543
2134638621
151543
1683030076
151876
1682964573
152043
1682964573
152209
1682964573
152376
1682964573
152543
2135490589
152543
2134638621
152543
1682964573
152626
2135490589
152626
2134638621
152709
2135490589
152709
2134638621
152709
1682964573
152793
2135490589
152793
2134638621
152876
1682767963
152876
1682964573
153043
1682964573
153209
1682964573
153376
1682964573
153543
1682964573
153709
1682964573
153876
2135490589
153876
2134638621
153876
1682964573
153959
2135490589
153959
2134638621
154043
2135490589
154043
2134638621
154043
1682964573
154126
2135490589
154126
2134638621
154209
2135490589
154209
2134638621
154209
1682964573
154376
1682964573
154543
1682964573
154709
1682964573
154876
1682964573
155043
1682964573
155209
2135490589
155209
2134638621
155209
1682964573
155292
2135490589
155292
2134638621
155375
2135490589
155375
2134638621
155375
1682964573
155459
2135490589
155459
2134638621
155543
1682767963
155543
1683030076
155709
2135490589
155709
2134638621
155876
2135490589
155876
2134638621
155876
1682964573
156043
2135490589
156043
2134638621
156209
1682767963
156209
1682964573
156376
2135490589
156376
2134638621
156543
2135490589
156543
2134638621
156543
1683030076
156710
2135490589
156710
2134638621
156710
1682833500
156876
2135490589
156876
2134638621
156876
1683030076
157209
1682964573
157375
1682964573
157543
1682964573
157710
1682964573
157876
2135490589
157876
2134638621
157876
1682964573
157959
2135490589
157959
2134638621
158042
2135490589
158042
2134638621
158042
1682964573
158126
2135490589
158126
2134638621
158209
1682767963
158209
1682964573
158376
1682964573
158543
1682964573
158709
1682964573
158876
1682964573
159042
1682964573
159209
2135490589
159209
2134638621
159209
1682964573
159292
2135490589
159292
2134638621
159376
2135490589
159376
2134638621
159376
1682964573
159459
2135490589
159459
2134638621
159543
2135490589
159543
2134638621
159543
1682964573
159709
1682964573
159876
1682964573
160042
1682964573
160209
1682964573
160376
1682964573
160543
2135490589
160543
2134638621
160543
1682964573
160626
2135490589
160626
2134638621
160709
2135490589
160709
2134638621
160709
1682964573
160793
2135490589
160793
2134638621
160876
1682767963
160876
1683030076
161042
2135490589
161042
2134638621
161209
2135490589
161209
2134638621
161209
1682964573
161376
2135490589
161376
2134638621
161543
1682767963
161543
1682964573
161709
2135490589
161709
2134638621
161876
2135490589
161876
2134638621
161876
1683030076
162043
2135490589
162043
2134638621
162043
1682833500
162209
2135490589
162209
2134638621
162209
1683030076
162543
1682964573
162708
1682964573
162876
1682767963
162876
1682964573
163043
1682964573
163209
2135490589
163209
2134638621
163209
1682964573
163292
2135490589
163292
2134638621
163375
2135490589
163375
2134638621
163375
1682964573
163459
2135490589
163459
2134638621
163543
2135490589
163543
2134638621
163543
1682964573
163709
1682964573
163876
1682964573
164042
1682964573
164209
1682767963
164209
1682964573
164375
1682964573
164543
2135490589
164543
2134638621
164543
1682964573
164625
2135490589
164625
2134638621
164709
2135490589
164709
2134638621
164709
1682964573
164792
2135490589
164792
2134638621
164876
2135490589
164876
2134638621
164876
1682964573
165042
1682964573
165209
1682964573
165375
1682964573
165543
1682767963
165543
1682964573
165709
1682964573
165876
2135490589
165876
2134638621
165876
1682964573
165959
2135490589
165959
2134638621
166042
2135490589
166042
2134638621
166042
1682964573
166126
2135490589
166126
2134638621
166209
2135490589
166209
2134638621
166209
1683030076
166375
2135490589
166375
2134638621
166543
2135490589
166543
2134638621
166543
1682964573
166710
2135490589
166710
2134638621
166876
1682767963
166876
1682964573
167043
2135490589
167043
2134638621
167209
2135490589
167209
2134638621
167209
1683030076
167376
2135490589
167376
2134638621
167376
1682833500
167543
2135490589
167543
2134638621
167543
1683030076
167876
1682964573
168041
1682964573
168209
1682767963
168209
1682964573
168376
1682964573
168542
2135490589
168542
2134638621
168542
1682964573
168625
2135490589
168625
2134638621
168708
2135490589
168708
2134638621
168708
1682964573
168792
2135490589
168792
2134638621
168876
2135490589
168876
2134638621
168876
1682964573
169042
1682964573
169209
1682964573
169375
1682964573
169542
1682767963
169542
1682964573
169708
1682964573
169876
2135490589
169876
2134638621
169876
1682964573
169958
2135490589
169958
2134638621
170042
2135490589
170042
2134638621
170042
1682964573
170125
2135490589
170125
2134638621
170209
2135490589
170209
2134638621
170209
1682964573
170375
1682964573
170542
1682964573
170708
1682964573
170876
1682767963
170876
1682964573
171042
1682964573
171209
2135490589
171209
2134638621
171209
1682964573
171292
2135490589
171292
2134638621
171375
2135490589
171375
2134638621
171375
1682964573
171459
2135490589
171459
2134638621
171542
2135490589
171542
2134638621
171542
1683030076
171709
1682767963
171876
2135490589
171876
2134638621
171876
1682964573
172043
2135490589
172043
2134638621
172209
1682767963
172209
1682964573
172376
2135490589
172376
2134638621
172459
2135490589
172459
2134638621
172542
1682767963
172542
1682964573
172709
2135490589
172709
2134638621
172876
2135490589
172876
2134638621
172876
1682833500
172876
1683030076
172959
2135490589
172959
2134638621
173042
2135490589
173042
2134638621
173126
2135490589
173126
2134638621
173209
2135490589
173209
2134638621
173209
1683030076
173292
2135490589
173292
2134638621
173376
2135490589
173376
2134638621
173459
2135490589
173459
2134638621
173542
2135490589
173542
2134638621
173542
1682767963
173542
1683030076
173626
2135490589
173626
2134638621
173709
2135490589
173709
2134638621
173792
2135490589
173792
2134638621
173876
2135490589
173876
2134638621
173876
1683030076
173959
2135490589
173959
2134638621
174042
2135490589
174042
2134638621
174126
2135490589
174126
2134638621
174209
2135490589
174209
2134638621
174209
1682767963
174209
1683030076
174292
2135490589
174292
2134638621
174376
2135490589
174376
2134638621
174459
2135490589
174459
2134638621
174542
2135490589
174542
2134638621
174542
1683030076
174626
2135490589
174626
2134638621
174710
2135490589
174710
2134638621
174793
2135490589
174793
2134638621
174876
2135490589
174876
2134638621
174876
1682767963
174876
1683030076
174960
2135490589
174960
2134638621
175042
2135490589
175042
2134638621
175125
2135490589
175125
2134638621
175209
2135490589
175209
2134638621
175209
1683030076
175292
2135490589
175292
2134638621
175375
2135490589
175375
2134638621
175459
2135490589
175459
2134638621
175542
2135490589
175542
2134638621
175542
1682767963
175542
1683030076
175626
2135490589
175626
2134638621
175710
2135490589
175710
2134638621
175793
2135490589
175793
2134638621
175876
2135490589
175876
2134638621
175876
1683030076
175959
2135490589
175959
2134638621
176043
2135490589
176043
2134638621
176126
2135490589
176126
2134638621
176209
2135490589
176209
2134638621
176209
1682767963
176209
1683030076
176293
2135490589
176293
2134638621
176376
2135490589
176376
2134638621
176459
2135490589
176459
2134638621
176542
2135490589
176542
2134638621
176542
1683030076
176626
2135490589
176626
2134638621
176709
2135490589
176709
2134638621
176793
2135490589
176793
2134638621
176876
2135490589
176876
2134638621
176876
1682767963
176876
1683030076
176959
2135490589
176959
2134638621
177043
2135490589
177043
2134638621
177126
2135490589
177126
2134638621
177209
2135490589
177209
2134638621
177209
1683030076
177292
2135490589
177292
2134638621
177376
2135490589
177376
2134638621
177459
2135490589
177459
2134638621
177542
2135490589
177542
2134638621
177542
1682767963
177542
1683030076
177626
2135490589
177626
2134638621
177709
2135490589
177709
2134638621
177792
2135490589
177792
2134638621
177876
2135490589
177876
2134638621
177876
1683030076
177959
2135490589
177959
2134638621
178042
2135490589
178042
2134638621
178126
2135490589
178126
2134638621
178209
2135490589
178209
2134638621
178209
1682767963
178209
1682964573
178292
2135490589
178292
2134638621
178376
2135490589
178376
2134638621
178459
2135490589
178459
2134638621
178542
2135490589
178542
2134638621
178542
1683030076
178626
2135490589
178626
2134638621
178710
2135490589
178710
2134638621
178793
2135490589
178793
2134638621
178876
2135490589
178876
2134638621
178876
1682767963
178876
1683030076
178960
2135490589
178960
2134638621
179042
2135490589
179042
2134638621
179125
2135490589
179125
2134638621
179209
2135490589
179209
2134638621
179209
1683030076
179292
2135490589
179292
2134638621
179375
2135490589
179375
2134638621
179459
2135490589
179459
2134638621
179542
2135490589
179542
2134638621
179542
1682767963
179542
1683030076
179626
2135490589
179626
2134638621
179710
2135490589
179710
2134638621
179793
2135490589
179793
2134638621
179876
2135490589
179876
2134638621
179876
1683030076
179959
2135490589
179959
2134638621
180043
2135490589
180043
2134638621
180126
2135490589
180126
2134638621
180209
2135490589
180209
2134638621
180209
1682767963
180209
1683030076
180293
2135490589
180293
2134638621
180376
2135490589
180376
2134638621
180459
2135490589
180459
2134638621
180542
2135490589
180542
2134638621
180542
1683030076
180626
2135490589
180626
2134638621
180709
2135490589
180709
2134638621
180793
2135490589
180793
2134638621
180876
2135490589
180876
2134638621
180876
1682767963
180876
1683030076
180959
2135490589
180959
2134638621
181043
2135490589
181043
2134638621
181126
2135490589
181126
2134638621
181209
2135490589
181209
2134638621
181209
1683030076
181292
2135490589
181292
2134638621
181376
2135490589
181376
2134638621
181459
2135490589
181459
2134638621
181542
2135490589
181542
2134638621
181542
1682767963
181542
1683030076
181626
2135490589
181626
2134638621
181709
2135490589
181709
2134638621
181792
2135490589
181792
2134638621
181876
2135490589
181876
2134638621
181876
1683030076
181959
2135490589
181959
2134638621
182042
2135490589
182042
2134638621
182126
2135490589
182126
2134638621
182209
2135490589
182209
2134638621
182209
1682767963
182209
1683030076
182292
2135490589
182292
2134638621
182376
2135490589
182376
2134638621
182459
2135490589
182459
2134638621
182542
2135490589
182542
2134638621
182542
1683030076
182626
2135490589
182626
2134638621
182710
2135490589
182710
2134638621
182793
2135490589
182793
2134638621
182876
2135490589
182876
2134638621
182876
1682767963
182876
1683030076
182960
2135490589
182960
2134638621
183042
2135490589
183042
2134638621
183125
2135490589
183125
2134638621
183209
2135490589
183209
2134638621
183209
1683030076
183292
2135490589
183292
2134638621
183375
2135490589
183375
2134638621
183459
2135490589
183459
2134638621
183542
2135490589
183542
2134638621
183542
1682767963
183542
1682964573
183626
2135490589
183626
2134638621
183710
2135490589
183710
2134638621
183793
2135490589
183793
2134638621
183876
2135490589
183876
2134638621
183876
1683030076
183959
2135490589
183959
2134638621
184043
2135490589
184043
2134638621
184126
2135490589
184126
2134638621
184209
2135490589
184209
2134638621
184209
1682767963
184209
1683030076
184293
2135490589
184293
2134638621
184376
2135490589
184376
2134638621
184459
2135490589
184459
2134638621
184542
2135490589
184542
2134638621
184542
1683030076
184626
2135490589
184626
2134638621
184709
2135490589
184709
2134638621
184793
2135490589
184793
2134638621
184876
2135490589
184876
2134638621
184876
1682767963
184876
1683030076
184959
2135490589
184959
2134638621
185043
2135490589
185043
2134638621
185126
2135490589
185126
2134638621
185209
2135490589
185209
2134638621
185209
1683030076
185292
2135490589
185292
2134638621
185376
2135490589
185376
2134638621
185459
2135490589
185459
2134638621
185542
2135490589
185542
2134638621
185542
1682767963
185542
1683030076
185626
2135490589
185626
2134638621
185709
2135490589
185709
2134638621
185792
2135490589
185792
2134638621
185876
2135490589
185876
2134638621
185876
1683030076
185959
2135490589
185959
2134638621
186042
2135490589
186042
2134638621
186126
2135490589
186126
2134638621
186209
2135490589
186209
2134638621
186209
1682767963
186209
1682964573
186292
2135490589
186292
2134638621
186376
2135490589
186376
2134638621
186459
2135490589
186459
2134638621
186542
2135490589
186542
2134638621
186542
1683030076
186626
2135490589
186626
2134638621
186710
2135490589
186710
2134638621
186793
2135490589
186793
2134638621
186876
2135490589
186876
2134638621
186876
1682767963
186876
1683030076
186960
2135490589
186960
2134638621
187042
2135490589
187042
2134638621
187125
2135490589
187125
2134638621
187209
2135490589
187209
2134638621
187209
1683030076
187292
2135490589
187292
2134638621
187375
2135490589
187375
2134638621
187459
2135490589
187459
2134638621
187542
2135490589
187542
2134638621
187542
1682767963
187542
1683030076
187626
2135490589
187626
2134638621
187710
2135490589
187710
2134638621
187793
2135490589
187793
2134638621
187876
2135490589
187876
2134638621
187876
1683030076
187959
2135490589
187959
2134638621
188043
2135490589
188043
2134638621
188126
2135490589
188126
2134638621
188209
2135490589
188209
2134638621
188209
1682767963
188209
1683030076
188293
2135490589
188293
2134638621
188376
2135490589
188376
2134638621
188459
2135490589
188459
2134638621
188542
2135490589
188542
2134638621
188542
1683030076
188626
2135490589
188626
2134638621
188709
2135490589
188709
2134638621
188793
2135490589
188793
2134638621
188876
2135490589
188876
2134638621
188876
1682767963
188876
1682964573
188959
2135490589
188959
2134638621
189043
2135490589
189043
2134638621
189126
2135490589
189126
2134638621
189209
2135490589
189209
2134638621
189209
1683030076
189292
2135490589
189292
2134638621
189376
2135490589
189376
2134638621
189459
2135490589
189459
2134638621
189542
2135490589
189542
2134638621
189542
1682767963
189542
1683030076
189626
2135490589
189626
2134638621
189709
2135490589
189709
2134638621
189792
2135490589
189792
2134638621
189876
2135490589
189876
2134638621
189876
1683030076
189959
2135490589
189959
2134638621
190042
2135490589
190042
2134638621
190126
2135490589
190126
2134638621
190209
2135490589
190209
2134638621
190209
1682767963
190209
1683030076
190292
2135490589
190292
2134638621
190376
2135490589
190376
2134638621
190459
2135490589
190459
2134638621
190542
2135490589
190542
2134638621
190542
1683030076
190626
2135490589
190626
2134638621
190710
2135490589
190710
2134638621
190793
2135490589
190793
2134638621
190876
2135490589
190876
2134638621
190876
1682767963
190876
1683030076
190960
2135490589
190960
2134638621
191042
2135490589
191042
2134638621
191125
2135490589
191125
2134638621
191209
2135490589
191209
2134638621
191209
1683030076
191292
2135490589
191292
2134638621
191375
2135490589
191375
2134638621
191459
2135490589
191459
2134638621
191542
2135490589
191542
2134638621
191542
1682767963
191542
1682964573
191626
2135490589
191626
2134638621
191710
2135490589
191710
2134638621
191793
2135490589
191793
2134638621
191876
2135490589
191876
2134638621
191876
1683030076
191959
2135490589
191959
2134638621
192043
2135490589
192043
2134638621
192126
2135490589
192126
2134638621
192209
2135490589
192209
2134638621
192209
1682767963
192209
1683030076
192293
2135490589
192293
2134638621
192376
2135490589
192376
2134638621
192459
2135490589
192459
2134638621
192542
2135490589
192542
2134638621
192542
1683030076
192626
2135490589
192626
2134638621
192709
2135490589
192709
2134638621
192793
2135490589
192793
2134638621
192876
1682767963
192876
1683030076
193042
1682767963
193126
1682767963
193209
1682767963
193292
1682767963
193376
1681850426
193376
1682702394
193459
1681850426
193459
1682702394
193542
1681850426
193542
1682702394
193626
1681850426
193626
1682702394
193709
1682636859
193709
1681784891
193792
1682636859
193792
1681784891
193876
2135556125
193876
2134704157
193959
2135556125
193959
2134704157
194042
2135490589
194042
2134638621
194042
1683030076
196709
2135490589
196709
2134638621
196709
1682833500
196709
1683030076
197042
2135490589
197042
2134638621
197209
1682767963
197209
1683030076
197542
2135490589
197542
2134638621
197542
1683030076
197709
2135490589
197709
2134638621
197875
1682767963
197875
1683030076
198209
2135490589
198209
2134638621
198209
1683030076
198376
2135490589
198376
2134638621
198542
1682767963
198542
1683030076
198875
2135490589
198875
2134638621
198875
1683030076
199042
2135490589
199042
2134638621
199209
1682767963
199376
2135490589
199376
2134638621
199376
1683030076
199709
2135490589
199709
2134638621
199875
1682767963
199875
1683030076
200209
2135490589
200209
2134638621
200209
1683030076
200376
2135490589
200376
2134638621
200542
1682767963
200542
1683030076
200875
2135490589
200875
2134638621
200875
1683030076
201043
2135490589
201043
2134638621
201209
1682767963
201209
1683030076
201542
2135490589
201542
2134638621
201542
1683030076
201709
1682767963
201875
1682767963
202043
2135490589
202043
2134638621
202043
1682833500
202209
1683030076
202376
2135490589
202376
2134638621
202542
1682767963
202542
1683030076
202709
2135490589
202709
2134638621
202875
1682767963
202875
1683030076
203042
2135490589
203042
2134638621
203209
1682767963
203209
1683030076
203376
2135490589
203376
2134638621
203542
1682767963
203542
1683030076
203709
2135490589
203709
2134638621
203875
1682767963
203875
1683030076
204042
2135490589
204042
2134638621
204209
1682767963
204209
1682964573
204375
1682767963
204459
1682767963
204542
1682767963
204626
1682767963
204709
2135490589
204709
2134638621
204709
1683030076
205042
2135490589
205042
2134638621
205209
1682767963
205209
1683030076
205376
2135490589
205376
2134638621
205542
1682767963
205542
1683030076
205708
2135490589
205708
2134638621
205875
1682767963
205875
1683030076
206043
2135490589
206043
2134638621
206209
1682767963
206209
1683030076
206376
2135490589
206376
2134638621
206542
1682767963
206542
1683030076
206708
2135490589
206708
2134638621
206875
1682767963
206959
1682767963
207042
1681850426
207042
1682702394
207126
1681850426
207126
1682702394
207209
1682636859
207209
1681784891
207293
1682636859
207293
1681784891
207376
2135490589
207376
2134638621
207376
1683030076
207708
2135490589
207708
2134638621
207875
1682767963
207875
1683030076
208042
2135490589
208042
2134638621
208209
1682767963
208209
1683030076
208375
2135490589
208375
2134638621
208542
1682767963
208542
1683030076
208709
2135490589
208709
2134638621
208875
1682767963
208875
1683030076
209042
2135490589
209042
2134638621
209209
1682767963
209292
1682767963
209376
1681850426
209376
1682702394
209459
1681850426
209459
1682702394
209542
1681850426
209542
1682702394
209626
1681850426
209626
1682702394
209709
1682636859
209709
1681784891
209792
1682636859
209792
1681784891
209875
2135556125
209875
2134704157
209959
2135556125
209959
2134704157
210042
2135490589
210042
2134638621
210042
1683030076
210375
2135490589
210375
2134638621
210542
1682767963
210542
1683030076
210709
2135490589
210709
2134638621
210875
1682767963
210875
1683030076
211042
2135490589
211042
2134638621
211209
1682767963
211209
1683030076
211376
2135490589
211376
2134638621
211542
1682767963
211542
1683030076
211709
2135490589
211709
2134638621
211875
1682767963
211875
1683030076
212042
2135490589
212042
2134638621
212209
1682767963
212209
1682964573
212376
1682767963
212459
1682767963
212542
1682767963
212626
1682767963
212709
2135490589
212709
2134638621
212709
1682833500
213042
2135490589
213042
2134638621
213209
1682767963
213209
1683030076
213376
2135490589
213376
2134638621
213542
1682767963
213542
1683030076
213708
2135490589
213708
2134638621
213875
1682767963
213875
1683030076
214043
1682767963
214126
1682767963
214209
1682767963
214292
1682767963
214376
1681850426
214376
1682702394
214459
1681850426
214459
1682702394
214542
1681850426
214542
1682702394
214626
1681850426
214626
1682702394
214709
1681850426
214709
1682702394
214792
1681850426
214792
1682702394
214876
1682636859
214876
1681784891
214959
1682636859
214959
1681784891
215042
1682636859
215042
1681784891
215126
1682636859
215126
1681784891
215209
2135556125
215209
2134704157
215293
2135556125
215293
2134704157
215376
2135490589
215376
2134638621
215376
1683030076
