2240
2135490589
2240
2134638621
2240
1682964573
2291
2135490589
2291
2134638621
2343
2135490589
2343
2134638621
2394
1682767963
2394
1683030076
2548
1682767963
2548
1683030076
2702
2135490589
2702
2134638621
2856
1682767963
2856
2135556125
2856
2134704157
3010
1682767963
3010
2135556125
3010
2134704157
3164
1682767963
3164
2135556125
3164
2134704157
3318
2135490589
3318
2134638621
3472
1682767963
3472
2135556125
3472
2134704157
3626
1682767963
3626
2135556125
3626
2134704157
3780
1682767963
3780
2135556125
3780
2134704157
3934
2135490589
3934
2134638621
4088
1682767963
4088
2135556125
4088
2134704157
4242
1682767963
4242
2135556125
4242
2134704157
4396
1682767963
4396
2135556125
4396
2134704157
4550
2135490589
4550
2134638621
4550
1683030076
4704
2135490589
4704
2134638621
4755
2135490589
4755
2134638621
4806
2135490589
4806
2134638621
4858
1682767963
4858
1682964573
5012
1682767963
5012
1682964573
5166
2135490589
5166
2134638621
5320
1682767963
5320
2135556125
5320
2134704157
5474
1682767963
5474
2135556125
5474
2134704157
5627
1682767963
5627
2135556125
5627
2134704157
5781
2135490589
5781
2134638621
5935
1682767963
5935
2135556125
5935
2134704157
6089
1682767963
6089
2135556125
6089
2134704157
6245
1682767963
6245
2135556125
6245
2134704157
6401
2135490589
6401
2134638621
6556
1682767963
6556
2135556125
6556
2134704157
6712
1682767963
6712
2135556125
6712
2134704157
6868
1682767963
6868
2135556125
6868
2134704157
7024
2135490589
7024
2134638621
7024
1683030076
7180
1682767963
7258
1682767963
7336
2135490589
7336
2134638621
7336
1683030076
7412
2135490589
7412
2134638621
7489
2135490589
7489
2134638621
7489
1682833500
7566
2135490589
7566
2134638621
7643
2135490589
7643
2134638621
7643
1682833500
7720
2135490589
7720
2134638621
7797
2135490589
7797
2134638621
7797
1682833500
7874
2135490589
7874
2134638621
7951
2135490589
7951
2134638621
7951
1682833500
8028
2135490589
8028
2134638621
8105
2135490589
8105
2134638621
8105
1682833500
8182
2135490589
8182
2134638621
8259
2135490589
8259
2134638621
8259
1682833500
8336
2135490589
8336
2134638621
8413
2135490589
8413
2134638621
8413
1682833500
8490
2135490589
8490
2134638621
8567
2135490589
8567
2134638621
8567
1682833500
8643
2135490589
8643
2134638621
8720
2135490589
8720
2134638621
8720
1682833500
8797
2135490589
8797
2134638621
8874
2135490589
8874
2134638621
8874
1682833500
8951
2135490589
8951
2134638621
9028
2135490589
9028
2134638621
9028
1682833500
9105
2135490589
9105
2134638621
9182
2135490589
9182
2134638621
9182
1682833500
9259
2135490589
9259
2134638621
9336
2135490589
9336
2134638621
9336
1682833500
9413
2135490589
9413
2134638621
9490
2135490589
9490
2134638621
9490
1682833500
9567
2135490589
9567
2134638621
9644
2135490589
9644
2134638621
9644
1682833500
9721
2135490589
9721
2134638621
9798
2135490589
9798
2134638621
9798
1682833500
9875
2135490589
9875
2134638621
9952
2135490589
9952
2134638621
9952
1682833500
10029
2135490589
10029
2134638621
10106
2135490589
10106
2134638621
10106
1682833500
10182
2135490589
10182
2134638621
10259
2135490589
10259
2134638621
10259
1682833500
10336
2135490589
10336
2134638621
10413
2135490589
10413
2134638621
10413
1682833500
10490
2135490589
10490
2134638621
10567
2135490589
10567
2134638621
10567
1682833500
10644
2135490589
10644
2134638621
10721
2135490589
10721
2134638621
10721
1682833500
10798
2135490589
10798
2134638621
10875
2135490589
10875
2134638621
10952
2135490589
10952
2134638621
11029
2135490589
11029
2134638621
11029
1683030076
11111
1682767963
11194
1682767963
11276
1682767963
11359
1682767963
11441
1682767963
11523
2135490589
11523
2134638621
11523
1683030076
11606
1682767963
11688
1682767963
11771
1682767963
11853
2135490589
11853
2134638621
11853
1683030076
12018
1682767963
12073
1682767963
12128
1682767963
12183
1682767963
12238
1682767963
12293
1682767963
12348
2135490589
12348
2134638621
12348
1682964573
12513
2135490589
12513
2134638621
12513
1682964573
12678
1682767963
12678
1683030076
12843
2135490589
12843
2134638621
12843
1682833500
12925
2135490589
12925
2134638621
12925
1682767963
13008
2135490589
13008
2134638621
13008
1682833500
13169
2135490589
13169
2134638621
13169
1682833500
13331
1682767963
13331
1682833500
13492
2135490589
13492
2134638621
13492
1682833500
13573
2135490589
13573
2134638621
13573
1682767963
13654
2135490589
13654
2134638621
13654
1682833500
13816
2135490589
13816
2134638621
13816
1682833500
13977
1682767963
13977
1682833500
14139
2135490589
14139
2134638621
14139
1682833500
14220
2135490589
14220
2134638621
14301
2135490589
14301
2134638621
14301
1682833500
14381
2135490589
14381
2134638621
14462
2135490589
14462
2134638621
14462
1682833500
14543
2135490589
14543
2134638621
14624
1682767963
14705
1682767963
14785
1682767963
14866
1682767963
14947
2135490589
14947
2134638621
14947
1682964573
15109
2135490589
15109
2134638621
15109
1682964573
15270
1682767963
15270
1683030076
15431
2135490589
15431
2134638621
15431
1682833500
15512
2135490589
15512
2134638621
15512
1682767963
15593
2135490589
15593
2134638621
15593
1682833500
15754
2135490589
15754
2134638621
15754
1682833500
15916
1682767963
15916
1682833500
16076
2135490589
16076
2134638621
16076
1682833500
16157
2135490589
16157
2134638621
16157
1682767963
16238
2135490589
16238
2134638621
16238
1682833500
16400
2135490589
16400
2134638621
16400
1682833500
16561
1682767963
16561
1682833500
16723
2135490589
16723
2134638621
16723
1682833500
16803
2135490589
16803
2134638621
16884
2135490589
16884
2134638621
16884
1682833500
16964
2135490589
16964
2134638621
17045
2135490589
17045
2134638621
17045
1682833500
17126
2135490589
17126
2134638621
17207
1682767963
17287
1682767963
17367
1682767963
17448
1682767963
17529
2135490589
17529
2134638621
17529
1682964573
17691
2135490589
17691
2134638621
17691
1682964573
17852
1682767963
17852
1683030076
18013
2135490589
18013
2134638621
18013
1682833500
18093
2135490589
18093
2134638621
18093
1682767963
18174
2135490589
18174
2134638621
18174
1682833500
18335
2135490589
18335
2134638621
18335
1682833500
18496
1682767963
18496
1682833500
18657
2135490589
18657
2134638621
18657
1682833500
18738
2135490589
18738
2134638621
18738
1682767963
18819
2135490589
18819
2134638621
18819
1682833500
18980
2135490589
18980
2134638621
18980
1682833500
19141
1682767963
19141
1682833500
19302
2135490589
19302
2134638621
19302
1682833500
19383
2135490589
19383
2134638621
19463
2135490589
19463
2134638621
19463
1682833500
19543
2135490589
19543
2134638621
19624
2135490589
19624
2134638621
19624
1682833500
19705
2135490589
19705
2134638621
19786
1682767963
19867
1682767963
19946
1682767963
20027
1682767963
20108
2135490589
20108
2134638621
20108
1682964573
20273
2135490589
20273
2134638621
20273
1682964573
20438
1682767963
20438
1683030076
20603
2135490589
20603
2134638621
20603
1682833500
20685
2135490589
20685
2134638621
20685
1682767963
20768
2135490589
20768
2134638621
20768
1682833500
20932
2135490589
20932
2134638621
20932
1682833500
21098
1682767963
21098
1682833500
21262
2135490589
21262
2134638621
21262
1682833500
21344
2135490589
21344
2134638621
21344
1682767963
21427
2135490589
21427
2134638621
21427
1682833500
21593
2135490589
21593
2134638621
21593
1682833500
21757
1682767963
21757
1682833500
21922
2135490589
21922
2134638621
21922
1682833500
22005
2135490589
22005
2134638621
22087
2135490589
22087
2134638621
22087
1682833500
22169
2135490589
22169
2134638621
22252
2135490589
22252
2134638621
22252
1682833500
22334
2135490589
22334
2134638621
22417
1682767963
22472
1682767963
22527
1682767963
22582
1682767963
22637
2135490589
22637
2134638621
22692
2135490589
22692
2134638621
22747
1682767963
22747
1683030076
23101
1682833500
23279
1682833500
23456
1682833500
23633
1682833500
23810
2135490589
23810
2134638621
23810
1683030076
23973
2135490589
23973
2134638621
23973
1682964573
24135
2135490589
24135
2134638621
24135
1682833500
24298
2135490589
24298
2134638621
24298
1682833500
24460
2135490589
24460
2134638621
24460
1682767963
24460
1682833500
24541
2135490589
24541
2134638621
24623
2135490589
24623
2134638621
24623
1682833500
24704
1682767963
24785
2135490589
24785
2134638621
24785
1682833500
24948
2135490589
24948
2134638621
24948
1682833500
25110
1682767963
25110
1682833500
25273
2135490589
25273
2134638621
25273
1682833500
25435
2135490589
25435
2134638621
25435
1682833500
25597
2135490589
25597
2134638621
25597
1682833500
25760
2135490589
25760
2134638621
25760
1682767963
25760
1682833500
25841
2135490589
25841
2134638621
25922
2135490589
25922
2134638621
25922
1682833500
26003
1682767963
26084
2135490589
26084
2134638621
26084
1682833500
26247
2135490589
26247
2134638621
26247
1682833500
26409
1682767963
26409
1682833500
26571
2135490589
26571
2134638621
26571
1682833500
26733
2135490589
26733
2134638621
26733
1682833500
26895
2135490589
26895
2134638621
26895
1682833500
27058
2135490589
27058
2134638621
27058
1682767963
27058
1682833500
27139
2135490589
27139
2134638621
27220
2135490589
27220
2134638621
27220
1682833500
27301
1682767963
27382
2135490589
27382
2134638621
27382
1682833500
27545
2135490589
27545
2134638621
27545
1682833500
27707
1682767963
27707
1683030076
27866
2135490589
27866
2134638621
27866
1682833500
28024
2135490589
28024
2134638621
28024
1682833500
28104
1682767963
28183
1682767963
28263
1682767963
28342
1682767963
28421
1682767963
28500
1681850426
28500
1682702394
28579
1681850426
28579
1682702394
28659
1682767963
28739
1682767963
28818
1682767963
28898
1682767963
28977
1682636859
28977
1681784891
29056
1682636859
29056
1681784891
29135
2135556125
29135
2134704157
29215
2135556125
29215
2134704157
29294
2135490589
29294
2134638621
29294
1683030076
29458
2135490589
29458
2134638621
29458
1682833500
29622
1682767963
29622
1682833500
29785
1682833500
29840
2135490589
29840
2134638621
29894
2135490589
29894
2134638621
29949
1682767963
30004
1682767963
30058
1682767963
30113
1682767963
30168
2135490589
30168
2134638621
30222
2135490589
30222
2134638621
30277
1682767963
30277
1682964573
30440
1682767963
30440
1682964573
30604
2135490589
30604
2134638621
30604
1682833500
30768
2135490589
30768
2134638621
30768
1682833500
30932
2135490589
30932
2134638621
30932
1682767963
30932
1682833500
31013
2135490589
31013
2134638621
31096
2135490589
31096
2134638621
31096
1682833500
31177
1682767963
31259
2135490589
31259
2134638621
31259
1682833500
31424
2135490589
31424
2134638621
31424
1682833500
31587
1682767963
31587
1682833500
31752
2135490589
31752
2134638621
31752
1682833500
31915
2135490589
31915
2134638621
31915
1682833500
32075
2135490589
32075
2134638621
32075
1682833500
32237
2135490589
32237
2134638621
32237
1682767963
32237
1682833500
32318
2135490589
32318
2134638621
32399
2135490589
32399
2134638621
32399
1682833500
32480
1682767963
32560
2135490589
32560
2134638621
32560
1682833500
32722
2135490589
32722
2134638621
32722
1682833500
32883
1682767963
32883
1683030076
33044
2135490589
33044
2134638621
33044
1682833500
33206
2135490589
33206
2134638621
33206
1682833500
33367
1682767963
33447
1682767963
33528
1682767963
33609
1682767963
33690
1681850426
33690
1682702394
33770
1681850426
33770
1682702394
33851
1682767963
33932
1682767963
34012
1682767963
34093
1682767963
34174
1682636859
34174
1681784891
34254
1682636859
34254
1681784891
34335
2135556125
34335
2134704157
34416
2135556125
34416
2134704157
34496
2135490589
34496
2134638621
34496
1683030076
37066
1682833500
37066
1682964573
37539
1682833500
38012
1682833500
38012
1682964573
38484
1682833500
38852
2135490589
38852
2134638621
38905
2135490589
38905
2134638621
38957
1682767963
38957
1683030076
39115
1682767963
39115
1683030076
39272
1682767963
39272
1683030076
39430
1682767963
39588
2135490589
39588
2134638621
39588
1683030076
39743
2135490589
39743
2134638621
39743
1683030076
39898
1682767963
40054
2135490589
40054
2134638621
40054
1683030076
40209
2135490589
40209
2134638621
40209
1683030076
40520
1682767963
40520
1682833500
40675
2135490589
40675
2134638621
40675
1682833500
40831
1682833500
40986
2135490589
40986
2134638621
40986
1682833500
41141
1682767963
41141
1682833500
41297
2135490589
41297
2134638621
41297
1682833500
41452
2135490589
41452
2134638621
41452
1682833500
41607
2135490589
41607
2134638621
41607
1682833500
41763
1682767963
41763
1682833500
41919
2135490589
41919
2134638621
41919
1682833500
42073
2135490589
42073
2134638621
42073
1682833500
42227
2135490589
42227
2134638621
42227
1682833500
42381
1682767963
42381
1682833500
42534
2135490589
42534
2134638621
42534
1682833500
42689
2135490589
42689
2134638621
42689
1682833500
42843
1682833500
42997
1682767963
42997
1682833500
43151
2135490589
43151
2134638621
43151
1682833500
43304
1682833500
43458
2135490589
43458
2134638621
43458
1682833500
43612
1682767963
43612
1682833500
43767
2135490589
43767
2134638621
43767
1682833500
43920
2135490589
43920
2134638621
43920
1682833500
44073
2135490589
44073
2134638621
44073
1682833500
44227
1682767963
44227
1683030076
44381
1682767963
44458
1682767963
44535
2135490589
44535
2134638621
44535
1683030076
44689
2135490589
44689
2134638621
44689
1683030076
44842
1682767963
44996
2135490589
44996
2134638621
44996
1683030076
45149
2135490589
45149
2134638621
45149
1683030076
45302
2135490589
45302
2134638621
45456
1682767963
45456
1682833500
45609
2135490589
45609
2134638621
45609
1682833500
45763
1682833500
45916
2135490589
45916
2134638621
45916
1682833500
46070
1682767963
46070
1682833500
46224
2135490589
46224
2134638621
46224
1682833500
46377
2135490589
46377
2134638621
46377
1682833500
46530
2135490589
46530
2134638621
46530
1682833500
46684
1682767963
46684
1682833500
46838
2135490589
46838
2134638621
46838
1682833500
46991
2135490589
46991
2134638621
46991
1682833500
47145
2135490589
47145
2134638621
47145
1682833500
47299
1682767963
47299
1682833500
47452
2135490589
47452
2134638621
47452
1682833500
47607
2135490589
47607
2134638621
47607
1682833500
47761
1682833500
47915
1682767963
47915
1682833500
48070
2135490589
48070
2134638621
48070
1682833500
48223
1682833500
48377
2135490589
48377
2134638621
48377
1682833500
48531
1682767963
48531
1682833500
48686
2135490589
48686
2134638621
48686
1682833500
48839
1682767963
48916
1682767963
48993
1682767963
49070
1682767963
49147
1682767963
49224
1682767963
49301
1682767963
49378
1682767963
49455
2135490589
49455
2134638621
49455
1683030076
49610
1682767963
49765
2135490589
49765
2134638621
49765
1683030076
49919
2135490589
49919
2134638621
50074
1682767963
50074
1683030076
50383
1683030076
50538
2135490589
50538
2134638621
50692
1683030076
50847
1682767963
51001
2135490589
51001
2134638621
51001
1683030076
51156
2135490589
51156
2134638621
51311
1682767963
51311
1683030076
51465
2135490589
51465
2134638621
51620
2135490589
51620
2134638621
51620
1683030076
51774
1682767963
51929
2135490589
51929
2134638621
51929
1683030076
52086
2135490589
52086
2134638621
52243
1683030076
52400
2135490589
52400
2134638621
52557
1682767963
52557
1683030076
52870
2135490589
52870
2134638621
52870
1683030076
53027
2135490589
53027
2134638621
53184
1683030076
53341
1682767963
53498
2135490589
53498
2134638621
53498
1683030076
53655
2135490589
53655
2134638621
53811
1682767963
53841
1682767963
53968
2135490589
53968
2134638621
54125
1682767963
54162
1682767963
54439
2135490589
54439
2134638621
54439
1682833500
54439
1683030076
54589
2135490589
54589
2134638621
54740
1682767963
54740
1682833500
54890
2135490589
54890
2134638621
55041
2135490589
55041
2134638621
55041
1682833500
55342
1682767963
55342
1682833500
55492
2135490589
55492
2134638621
55643
1682833500
55793
2135490589
55793
2134638621
55944
1682767963
55944
1682833500
56094
2135490589
56094
2134638621
56245
2135490589
56245
2134638621
56245
1682833500
56395
2135490589
56395
2134638621
56545
1682767963
56545
1682833500
56696
2135490589
56696
2134638621
56846
2135490589
56846
2134638621
56846
1682833500
56997
2135490589
56997
2134638621
57147
1682767963
57147
1682833500
57298
2135490589
57298
2134638621
57448
2135490589
57448
2134638621
57448
1682833500
57757
1682767963
57835
1682636859
57835
1681784891
57912
2135490589
57912
2134638621
57989
2135490589
57989
2134638621
58066
1682767963
58144
1682636859
58144
1681784891
58221
1682767963
58298
1682636859
58298
1681784891
58375
2135490589
58375
2134638621
58452
2135490589
58452
2134638621
58530
1682767963
58607
1682636859
58607
1681784891
58684
1682767963
58761
1682636859
58761
1681784891
58839
2135490589
58839
2134638621
58916
2135490589
58916
2134638621
58993
1682767963
59070
1682636859
59070
1681784891
59148
2135490589
59148
2134638621
59225
2135490589
59225
2134638621
59302
1682767963
59302
1683030076
59459
2135490589
59459
2134638621
59617
1682767963
59617
1682964573
59695
1682767963
59774
2135490589
59774
2134638621
59774
1682964573
59852
2135490589
59852
2134638621
59931
1682767963
59931
1682964573
60088
2135490589
60088
2134638621
60088
1682964573
60245
1682767963
60245
1682964573
60324
1682767963
60403
2135490589
60403
2134638621
60403
1682964573
60481
2135490589
60481
2134638621
60560
1682767963
60560
1682964573
60717
2135490589
60717
2134638621
60717
1682964573
60874
1682767963
60874
1682964573
60952
1682767963
61032
2135490589
61032
2134638621
61032
1682964573
61110
2135490589
61110
2134638621
61189
2135490589
61189
2134638621
61189
1682767963
61189
1682964573
61267
2135490589
61267
2134638621
61346
2135490589
61346
2134638621
61346
1682964573
61425
2135490589
61425
2134638621
61503
2135490589
61503
2134638621
61503
1682767963
61503
1682964573
61582
2135490589
61582
2134638621
61660
2135490589
61660
2134638621
61660
1682964573
61739
2135490589
61739
2134638621
61818
2135490589
61818
2134638621
61818
1682767963
61818
1683030076
61898
2135490589
61898
2134638621
61979
2135490589
61979
2134638621
61979
1683030076
62060
2135490589
62060
2134638621
62140
2135490589
62140
2134638621
62140
1682767963
62140
1683030076
62221
2135490589
62221
2134638621
62302
2135490589
62302
2134638621
62302
1683030076
62383
2135490589
62383
2134638621
62463
2135490589
62463
2134638621
62463
1682767963
62463
1683030076
62543
2135490589
62543
2134638621
62624
2135490589
62624
2134638621
62624
1683030076
62706
2135490589
62706
2134638621
62786
2135490589
62786
2134638621
62786
1682767963
62786
1683030076
62866
2135490589
62866
2134638621
62947
2135490589
62947
2134638621
62947
1683030076
63028
2135490589
63028
2134638621
63108
2135490589
63108
2134638621
63108
1683030076
63189
2135490589
63189
2134638621
63189
1682767963
63270
2135490589
63270
2134638621
63270
1682767963
63351
2135490589
63351
2134638621
63351
1682767963
63431
2135490589
63431
2134638621
63431
1682767963
63512
2135490589
63512
2134638621
63512
1682767963
63592
2135490589
63592
2134638621
63592
1681850426
63592
1682702394
63673
2135490589
63673
2134638621
63673
1681850426
63673
1682702394
63754
2135490589
63754
2134638621
63754
1681850426
63754
1682702394
63834
2135490589
63834
2134638621
63834
1681850426
63834
1682702394
63915
2135490589
63915
2134638621
63915
1681850426
63915
1682702394
63996
2135490589
63996
2134638621
63996
1681850426
63996
1682702394
64077
2135490589
64077
2134638621
64077
1682636859
64077
1681784891
64157
2135490589
64157
2134638621
64157
1682636859
64157
1681784891
64238
2135490589
64238
2134638621
64238
2135556125
64238
2134704157
64319
2135490589
64319
2134638621
64319
2135556125
64319
2134704157
64399
2135490589
64399
2134638621
64399
1683030076
66177
2135490589
66177
2134638621
66229
2135490589
66229
2134638621
66281
1682767963
66281
1683030076
66436
1682767963
66436
1683030076
66589
1682767963
66589
1683030076
66743
1682767963
66897
2135490589
66897
2134638621
66897
1682964573
67049
2135490589
67049
2134638621
67049
1682964573
67201
1682767963
67353
2135490589
67353
2134638621
67353
1683030076
67505
2135490589
67505
2134638621
67505
1683030076
67809
1682767963
67809
1682833500
67960
2135490589
67960
2134638621
67960
1682833500
68113
1682833500
68264
2135490589
68264
2134638621
68264
1682833500
68416
1682767963
68416
1682833500
68569
2135490589
68569
2134638621
68569
1682833500
68720
2135490589
68720
2134638621
68720
1682833500
68872
2135490589
68872
2134638621
68872
1682833500
69024
1682767963
69024
1682833500
69177
2135490589
69177
2134638621
69177
1682833500
69328
2135490589
69328
2134638621
69328
1682833500
69480
2135490589
69480
2134638621
69480
1682833500
69632
1682767963
69632
1682833500
69783
2135490589
69783
2134638621
69783
1682833500
69936
2135490589
69936
2134638621
69936
1682833500
70088
1682833500
70240
1682767963
70240
1682833500
70393
2135490589
70393
2134638621
70393
1682833500
70544
1682833500
70696
2135490589
70696
2134638621
70696
1682833500
70848
1682767963
70848
1682833500
71001
2135490589
71001
2134638621
71001
1682833500
71152
2135490589
71152
2134638621
71152
1682833500
71303
2135490589
71303
2134638621
71303
1682833500
71456
1682767963
71456
1682833500
71608
2135490589
71608
2134638621
71760
2135490589
71760
2134638621
71760
1682964573
71912
2135490589
71912
2134638621
71912
1682964573
72063
1682767963
72215
2135490589
72215
2134638621
72215
1683030076
72365
2135490589
72365
2134638621
72365
1683030076
72668
1682767963
72668
1682833500
72819
2135490589
72819
2134638621
72819
1682833500
72971
1682833500
73122
2135490589
73122
2134638621
73122
1682833500
73274
1682767963
73274
1682833500
73426
2135490589
73426
2134638621
73426
1682833500
73577
2135490589
73577
2134638621
73577
1682833500
73728
2135490589
73728
2134638621
73728
1682833500
73880
1682767963
73880
1682833500
74031
1682767963
74182
2135490589
74182
2134638621
74182
1683030076
74259
2135490589
74259
2134638621
74335
2135490589
74335
2134638621
74335
1682833500
74411
2135490589
74411
2134638621
74487
2135490589
74487
2134638621
74487
1683030076
74563
2135490589
74563
2134638621
74639
2135490589
74639
2134638621
74639
1682833500
74716
2135490589
74716
2134638621
74792
2135490589
74792
2134638621
74792
1682767963
74868
2135490589
74868
2134638621
74868
1682767963
74944
2135490589
74944
2134638621
74944
1682767963
75020
2135490589
75020
2134638621
75020
1682767963
75096
2135490589
75096
2134638621
75096
1681850426
75096
1682702394
75173
2135490589
75173
2134638621
75173
1681850426
75173
1682702394
75249
2135490589
75249
2134638621
75249
1681850426
75249
1682702394
75325
2135490589
75325
2134638621
75325
1681850426
75325
1682702394
75401
2135490589
75401
2134638621
75401
1682636859
75401
1681784891
75477
2135490589
75477
2134638621
75477
1682636859
75477
1681784891
75553
2135490589
75553
2134638621
75553
1682636859
75553
1681784891
75630
2135490589
75630
2134638621
75630
1682636859
75630
1681784891
75706
2135490589
75706
2134638621
75706
1682636859
75706
1681784891
75782
2135490589
75782
2134638621
75782
1682636859
75782
1681784891
75858
2135490589
75858
2134638621
75858
1682636859
75858
1681784891
75934
2135490589
75934
2134638621
75934
1682636859
75934
1681784891
76010
2135490589
76010
2134638621
76010
2135556125
76010
2134704157
76087
2135490589
76087
2134638621
76087
2135556125
76087
2134704157
76163
2135490589
76163
2134638621
76163
2135556125
76163
2134704157
76239
2135490589
76239
2134638621
76239
2135556125
76239
2134704157
76315
2135490589
76315
2134638621
76315
2135556125
76315
2134704157
76391
2135490589
76391
2134638621
76391
2135556125
76391
2134704157
76468
2135490589
76468
2134638621
76468
2135556125
76468
2134704157
76544
2135490589
76544
2134638621
76544
2135556125
76544
2134704157
76620
2135490589
76620
2134638621
76620
1683030076
76789
2135490589
76789
2134638621
76959
1683030076
77129
2135490589
77129
2134638621
77298
1682767963
77298
1683030076
77607
2135490589
77607
2134638621
77607
1683030076
77761
2135490589
77761
2134638621
77915
1683030076
78069
1682767963
78223
2135490589
78223
2134638621
78223
1683030076
78377
2135490589
78377
2134638621
78532
1682767963
78532
1683030076
78686
2135490589
78686
2134638621
78840
2135490589
78840
2134638621
78840
1683030076
78994
1682767963
79148
2135490589
79148
2134638621
79148
1683030076
79302
2135490589
79302
2134638621
79456
1683030076
79610
2135490589
79610
2134638621
79763
1682767963
79763
1683030076
80071
2135490589
80071
2134638621
80071
1683030076
80225
2135490589
80225
2134638621
80378
1683030076
80532
1682767963
80686
2135490589
80686
2134638621
80686
1683030076
80840
2135490589
80840
2134638621
80993
1682767963
80993
1683030076
81147
2135490589
81147
2134638621
81301
2135490589
81301
2134638621
81301
1683030076
81455
1682767963
81609
2135490589
81609
2134638621
81609
1683030076
81763
2135490589
81763
2134638621
81917
1683030076
82071
2135490589
82071
2134638621
82225
1682767963
82225
1683030076
82533
2135490589
82533
2134638621
82533
1683030076
82688
2135490589
82688
2134638621
82842
1683030076
82996
1682767963
83150
2135490589
83150
2134638621
83150
1683030076
83304
2135490589
83304
2134638621
83458
1682767963
83458
1683030076
83612
2135490589
83612
2134638621
83767
2135490589
83767
2134638621
83767
1683030076
83921
1682767963
84075
2135490589
84075
2134638621
84075
1683030076
84227
2135490589
84227
2134638621
84378
1682833500
84530
2135490589
84530
2134638621
84682
1682767963
84682
1682833500
84833
2135490589
84833
2134638621
84985
1682767963
85061
1682636859
85061
1681784891
85137
1682767963
85213
1682636859
85213
1681784891
85289
2135490589
85289
2134638621
85364
2135490589
85364
2134638621
85440
1682767963
85516
1682636859
85516
1681784891
85592
1682767963
85668
1682636859
85668
1681784891
85744
2135490589
85744
2134638621
85819
2135490589
85819
2134638621
85895
1682767963
85971
1682636859
85971
1681784891
86047
2135490589
86047
2134638621
86123
2135490589
86123
2134638621
86199
1682767963
86275
1682636859
86275
1681784891
86350
2135490589
86350
2134638621
86426
2135490589
86426
2134638621
86502
1682767963
86502
1683030076
86657
2135490589
86657
2134638621
86813
1682767963
86813
1682964573
86890
1682767963
86968
2135490589
86968
2134638621
86968
1682964573
87045
2135490589
87045
2134638621
87123
1682767963
87123
1682964573
87279
2135490589
87279
2134638621
87279
1682964573
87434
1682767963
87434
1682964573
87512
1682767963
87590
2135490589
87590
2134638621
87590
1682964573
87666
2135490589
87666
2134638621
87744
1682767963
87744
1682964573
87900
2135490589
87900
2134638621
87900
1682964573
88055
1682767963
88055
1682964573
88132
1682767963
88211
2135490589
88211
2134638621
88211
1682964573
88288
2135490589
88288
2134638621
88365
2135490589
88365
2134638621
88365
1682767963
88365
1682964573
88443
2135490589
88443
2134638621
88521
2135490589
88521
2134638621
88521
1682964573
88599
2135490589
88599
2134638621
88676
2135490589
88676
2134638621
88676
1682767963
88676
1682964573
88754
2135490589
88754
2134638621
88831
2135490589
88831
2134638621
88831
1682964573
88909
2135490589
88909
2134638621
88986
2135490589
88986
2134638621
88986
1682767963
88986
1683030076
89066
2135490589
89066
2134638621
89146
2135490589
89146
2134638621
89146
1683030076
89226
2135490589
89226
2134638621
89305
2135490589
89305
2134638621
89305
1682767963
89305
1683030076
89385
2135490589
89385
2134638621
89465
2135490589
89465
2134638621
89465
1683030076
89545
2135490589
89545
2134638621
89624
2135490589
89624
2134638621
89624
1682767963
89624
1683030076
89703
2135490589
89703
2134638621
89783
2135490589
89783
2134638621
89783
1683030076
89864
2135490589
89864
2134638621
89943
2135490589
89943
2134638621
89943
1682767963
89943
1683030076
90022
2135490589
90022
2134638621
90102
2135490589
90102
2134638621
90102
1683030076
90182
2135490589
90182
2134638621
90262
2135490589
90262
2134638621
90262
1683030076
90342
2135490589
90342
2134638621
90342
1681850426
90342
1682702394
90422
2135490589
90422
2134638621
90422
1681850426
90422
1682702394
90501
2135490589
90501
2134638621
90501
1681850426
90501
1682702394
90580
2135490589
90580
2134638621
90580
1681850426
90580
1682702394
90660
2135490589
90660
2134638621
90660
1681850426
90660
1682702394
90739
2135490589
90739
2134638621
90739
1682636859
90739
1681784891
90819
2135490589
90819
2134638621
90819
1682636859
90819
1681784891
90899
2135490589
90899
2134638621
90899
1682636859
90899
1681784891
90978
2135490589
90978
2134638621
90978
1682636859
90978
1681784891
91058
2135490589
91058
2134638621
91058
1682636859
91058
1681784891
91138
2135490589
91138
2134638621
91138
1682636859
91138
1681784891
91218
2135490589
91218
2134638621
91218
2135556125
91218
2134704157
91297
2135490589
91297
2134638621
91297
2135556125
91297
2134704157
91377
2135490589
91377
2134638621
91377
2135556125
91377
2134704157
91458
2135490589
91458
2134638621
91458
2135556125
91458
2134704157
91537
2135490589
91537
2134638621
91537
1682964573
91703
1682636859
91703
1681784891
91870
2135556125
91870
2134704157
92036
1682636859
92036
1681784891
92203
2135490589
92203
2134638621
92203
1682636859
92203
1681784891
92203
2135556125
92203
2134704157
92369
1682636859
92369
1681784891
92536
2135556125
92536
2134704157
92702
1682636859
92702
1681784891
92869
2135490589
92869
2134638621
92869
1682636859
92869
1681784891
92869
2135556125
92869
2134704157
93032
1682636859
93032
1681784891
93195
2135556125
93195
2134704157
93522
2135490589
93522
2134638621
93522
1682636859
93522
1681784891
93522
2135556125
93522
2134704157
93685
1682636859
93685
1681784891
93848
2135556125
93848
2134704157
94175
2135490589
94175
2134638621
94175
1682636859
94175
1681784891
94175
2135556125
94175
2134704157
94337
1682636859
94337
1681784891
94501
2135556125
94501
2134704157
94664
1682636859
94664
1681784891
94828
2135490589
94828
2134638621
94828
1682636859
94828
1681784891
94828
2135556125
94828
2134704157
94990
1682636859
94990
1681784891
95154
2135556125
95154
2134704157
95317
1682636859
95317
1681784891
95480
2135490589
95480
2134638621
95480
1682636859
95480
1681784891
95480
2135556125
95480
2134704157
95644
1682636859
95644
1681784891
95807
2135556125
95807
2134704157
96133
2135490589
96133
2134638621
96133
1682636859
96133
1681784891
96133
2135556125
96133
2134704157
96290
1682636859
96290
1681784891
96447
2135556125
96447
2134704157
96603
2135490589
96603
2134638621
96760
2135490589
96760
2134638621
96760
1682636859
96760
1681784891
96760
2135556125
96760
2134704157
96916
1682636859
96916
1681784891
97073
2135556125
97073
2134704157
97229
1682636859
97229
1681784891
97387
2135490589
97387
2134638621
97387
1682636859
97387
1681784891
97387
2135556125
97387
2134704157
97700
2135556125
97700
2134704157
97856
1682636859
97856
1681784891
98013
2135490589
98013
2134638621
98013
1682636859
98013
1681784891
98013
2135556125
98013
2134704157
98169
1682636859
98169
1681784891
98324
2135556125
98324
2134704157
98635
2135490589
98635
2134638621
98635
1682636859
98635
1681784891
98635
2135556125
98635
2134704157
98790
1682636859
98790
1681784891
98946
2135556125
98946
2134704157
99257
2135490589
99257
2134638621
99257
1682964573
99418
2135490589
99418
2134638621
99418
1682636859
99418
1681784891
99579
2135556125
99579
2134704157
99740
1682636859
99740
1681784891
99902
2135490589
99902
2134638621
99902
1682636859
99902
1681784891
99902
2135556125
99902
2134704157
100047
1682636859
100047
1681784891
100194
1682767963
100339
1682636859
100339
1681784891
100485
2135490589
100485
2134638621
100485
2135556125
100485
2134704157
100640
1682636859
100640
1681784891
100640
2135556125
100640
2134704157
100795
1682636859
100795
1681784891
100795
2135556125
100795
2134704157
100950
1682636859
100950
1681784891
100950
2135556125
100950
2134704157
101105
1682636859
101105
1681784891
101105
2135556125
101105
2134704157
101259
2135490589
101259
2134638621
101414
1682767963
101445
1682767963
101569
2135490589
101569
2134638621
101621
2135490589
101621
2134638621
101673
2135490589
101673
2134638621
101724
1682767963
101724
1683030076
101879
1682767963
102034
2135490589
102034
2134638621
102034
1683030076
102189
2135490589
102189
2134638621
102344
1682767963
102344
1683030076
102503
1682767963
102661
2135490589
102661
2134638621
102661
1683030076
102979
1682767963
102979
1683030076
103138
2135490589
103138
2134638621
103297
1683030076
103455
2135490589
103455
2134638621
103614
1682767963
103614
1683030076
103772
2135490589
103772
2134638621
103929
1683030076
104086
2135490589
104086
2134638621
104139
2135490589
104139
2134638621
104191
2135490589
104191
2134638621
104244
1682767963
104244
1683030076
104401
1682767963
104559
2135490589
104559
2134638621
104559
1683030076
104716
2135490589
104716
2134638621
104874
1682767963
104874
1683030076
105031
2135490589
105031
2134638621
105188
2135490589
105188
2134638621
105188
1683030076
105503
1682767963
105503
1683030076
105664
2135490589
105664
2134638621
105824
1683030076
105984
2135490589
105984
2134638621
106145
1682767963
106145
1683030076
106306
2135490589
106306
2134638621
106466
1683030076
106626
2135490589
106626
2134638621
106680
2135490589
106680
2134638621
106733
2135490589
106733
2134638621
106787
1682767963
106787
1683030076
106946
1682767963
107107
2135490589
107107
2134638621
107107
1683030076
107267
2135490589
107267
2134638621
107428
1682767963
107428
1683030076
107583
2135490589
107583
2134638621
107738
2135490589
107738
2134638621
107738
1683030076
108048
1682767963
108048
1683030076
108203
2135490589
108203
2134638621
108357
1683030076
108512
2135490589
108512
2134638621
108667
1682767963
108667
1683030076
108823
2135490589
108823
2134638621
108977
1683030076
109131
2135490589
109131
2134638621
109184
2135490589
109184
2134638621
109235
2135490589
109235
2134638621
109287
1682767963
109287
1683030076
109441
1682767963
109597
2135490589
109597
2134638621
109597
1683030076
109752
2135490589
109752
2134638621
109909
1682767963
109909
1683030076
110065
2135490589
110065
2134638621
110221
1682767963
110221
1683030076
110377
1682767963
110377
1683030076
110534
2135490589
110534
2134638621
110690
1682767963
110721
1682767963
110846
1682767963
110874
1682767963
111002
2135490589
111002
2134638621
111158
1682636859
111158
1681784891
111158
2135556125
111158
2134704157
111315
2135490589
111315
2134638621
111471
1682767963
111501
1682767963
111627
2135490589
111627
2134638621
111783
2135490589
111783
2134638621
111783
1682833500
111783
1683030076
112245
2135490589
112245
2134638621
112399
2135490589
112399
2134638621
112399
1682767963
112399
1682833500
112861
2135490589
112861
2134638621
113015
2135490589
113015
2134638621
113015
1682833500
113169
2135490589
113169
2134638621
113476
2135490589
113476
2134638621
113630
2135490589
113630
2134638621
113630
1682767963
113630
1682833500
114091
2135490589
114091
2134638621
114244
2135490589
114244
2134638621
114244
1682833500
114244
1683030076
114718
2135490589
114718
2134638621
114876
1682767963
114876
1682833500
115328
2135490589
115328
2134638621
115478
2135490589
115478
2134638621
115478
1682833500
115628
2135490589
115628
2134638621
115929
2135490589
115929
2134638621
116080
2135490589
116080
2134638621
116080
1682767963
116080
1682833500
116532
2135490589
116532
2134638621
116682
2135490589
116682
2134638621
116682
1682833500
116682
1683030076
117146
2135490589
117146
2134638621
117301
2135490589
117301
2134638621
117301
1682767963
117301
1682833500
117765
2135490589
117765
2134638621
117920
2135490589
117920
2134638621
117920
1682833500
118074
2135490589
118074
2134638621
118383
2135490589
118383
2134638621
118539
2135490589
118539
2134638621
118539
1682767963
118539
1682833500
119005
2135490589
119005
2134638621
119160
2135490589
119160
2134638621
119160
1682833500
119160
1683030076
119623
2135490589
119623
2134638621
119777
2135490589
119777
2134638621
119777
1682767963
119777
1682833500
119931
1682833500
120086
1682833500
120240
2135490589
120240
2134638621
120240
1682833500
120394
2135490589
120394
2134638621
120394
1682833500
120548
2135490589
120548
2134638621
120548
1682833500
120703
1682833500
120857
2135490589
120857
2134638621
120857
1682833500
121011
1682767963
121011
1682833500
121166
2135490589
121166
2134638621
121320
1682767963
121350
1682767963
121474
1682767963
121497
1682767963
121629
2135490589
121629
2134638621
121629
1683030076
121966
1683030076
122135
2135490589
122135
2134638621
122304
2135490589
122304
2134638621
122304
1682767963
122304
1683030076
122620
1683030076
122779
2135490589
122779
2134638621
122937
2135490589
122937
2134638621
122937
1683030076
123094
2135490589
123094
2134638621
123253
1683030076
123411
2135490589
123411
2134638621
123570
2135490589
123570
2134638621
123570
1682767963
123570
1683030076
123894
1683030076
124056
2135490589
124056
2134638621
124218
2135490589
124218
2134638621
124218
1682833500
124218
1683030076
124542
1683030076
124704
2135490589
124704
2134638621
124866
2135490589
124866
2134638621
124866
1682767963
124866
1683030076
125183
1683030076
125342
2135490589
125342
2134638621
125500
2135490589
125500
2134638621
125500
1683030076
125658
2135490589
125658
2134638621
125817
1683030076
125975
2135490589
125975
2134638621
126135
2135490589
126135
2134638621
126135
1682767963
126135
1683030076
126458
1683030076
126620
2135490589
126620
2134638621
126782
2135490589
126782
2134638621
126782
1682833500
126782
1683030076
127105
1683030076
127267
2135490589
127267
2134638621
127429
2135490589
127429
2134638621
127429
1682767963
127429
1683030076
127753
1683030076
127915
2135490589
127915
2134638621
128076
2135490589
128076
2134638621
128076
1683030076
128237
2135490589
128237
2134638621
128400
1683030076
128561
2135490589
128561
2134638621
128723
2135490589
128723
2134638621
128723
1682767963
128723
1683030076
129037
1683030076
129194
2135490589
129194
2134638621
129350
2135490589
129350
2134638621
129350
1682833500
129350
1683030076
129664
1683030076
129821
2135490589
129821
2134638621
129977
2135490589
129977
2134638621
129977
1682767963
129977
1683030076
130127
2135490589
130127
2134638621
130277
1682767963
130302
1682767963
130428
1682767963
130455
1682767963
130577
2135490589
130577
2134638621
130730
1682767963
130758
1682767963
130883
1682767963
130911
1682767963
131036
2135490589
131036
2134638621
131189
1682636859
131189
1681784891
131189
2135556125
131189
2134704157
131342
2135490589
131342
2134638621
131495
1682767963
131520
1682767963
131648
2135490589
131648
2134638621
131801
2135490589
131801
2134638621
131801
1682833500
131801
1683030076
132113
1682833500
132269
2135490589
132269
2134638621
132425
1682767963
132425
1682833500
132884
2135490589
132884
2134638621
133037
2135490589
133037
2134638621
133037
1682833500
133191
2135490589
133191
2134638621
133496
2135490589
133496
2134638621
133649
2135490589
133649
2134638621
133649
1682767963
133649
1682833500
134114
2135490589
134114
2134638621
134269
2135490589
134269
2134638621
134269
1682833500
134269
1683030076
134733
2135490589
134733
2134638621
134888
2135490589
134888
2134638621
134888
1682767963
134888
1682833500
135342
2135490589
135342
2134638621
135492
2135490589
135492
2134638621
135492
1682833500
135643
2135490589
135643
2134638621
135945
2135490589
135945
2134638621
136097
2135490589
136097
2134638621
136097
1682767963
136097
1682833500
136562
2135490589
136562
2134638621
136716
2135490589
136716
2134638621
136716
1682833500
136716
1683030076
137181
2135490589
137181
2134638621
137336
2135490589
137336
2134638621
137336
1682767963
137336
1682833500
137793
2135490589
137793
2134638621
137945
2135490589
137945
2134638621
137945
1682833500
138097
2135490589
138097
2134638621
138401
2135490589
138401
2134638621
138554
2135490589
138554
2134638621
138554
1682767963
138554
1682833500
138995
2135490589
138995
2134638621
139142
2135490589
139142
2134638621
139142
1682833500
139142
1683030076
139635
2135490589
139635
2134638621
139799
2135490589
139799
2134638621
139799
1682767963
139799
1682833500
139949
1682833500
140099
1682833500
140249
2135490589
140249
2134638621
140400
2135490589
140400
2134638621
140400
1682767963
140549
2135490589
140549
2134638621
140549
1682767963
140700
2135490589
140700
2134638621
140700
1682767963
140850
1682767963
141001
1682767963
141151
1682767963
141301
1682767963
141451
1682767963
141602
2135490589
141602
2134638621
141602
1683030076
141918
1683030076
142234
2135490589
142234
2134638621
142234
1682767963
142234
1683030076
142550
1683030076
142866
2135490589
142866
2134638621
142866
1682833500
142866
1683030076
143182
1683030076
143498
2135490589
143498
2134638621
143498
1682767963
143498
1683030076
143814
1683030076
144131
2135490589
144131
2134638621
144131
1682833500
144131
1683030076
144444
1683030076
144758
2135490589
144758
2134638621
144758
1682767963
144758
1683030076
145072
1683030076
145386
2135490589
145386
2134638621
145386
1682833500
145386
1683030076
145700
1683030076
146014
2135490589
146014
2134638621
146014
1682767963
146014
1683030076
146328
1683030076
146641
2135490589
146641
2134638621
146641
1682833500
146641
1683030076
146959
1683030076
147277
2135490589
147277
2134638621
147277
1682767963
147277
1683030076
147594
1683030076
147912
2135490589
147912
2134638621
147912
1682833500
147912
1683030076
148230
1683030076
148547
2135490589
148547
2134638621
148547
1682767963
148547
1683030076
148865
1683030076
149183
2135490589
149183
2134638621
149183
1682833500
149183
1683030076
149501
1683030076
149818
2135490589
149818
2134638621
149818
1682767963
149818
1683030076
150126
1683030076
150434
2135490589
150434
2134638621
150434
1682833500
150434
1683030076
150742
1683030076
151050
2135490589
151050
2134638621
151050
1682767963
151050
1683030076
151358
1682767963
151358
1683030076
151512
1682767963
151666
2135490589
151666
2134638621
151666
1683030076
151824
2135490589
151824
2134638621
151824
1682833500
151982
2135490589
151982
2134638621
151982
1683030076
152140
2135490589
152140
2134638621
152298
2135490589
152298
2134638621
152298
1682767963
152298
1683030076
152614
1683030076
152930
2135490589
152930
2134638621
152930
1682833500
152930
1683030076
153246
1683030076
153562
2135490589
153562
2134638621
153562
1682767963
153562
1683030076
153870
1683030076
154178
2135490589
154178
2134638621
154178
1682833500
154178
1683030076
154332
2135490589
154332
2134638621
154486
2135490589
154486
2134638621
154486
1683030076
154640
2135490589
154640
2134638621
154794
2135490589
154794
2134638621
154794
1682767963
154794
1683030076
155102
1683030076
155410
2135490589
155410
2134638621
155410
1683030076
155724
1683030076
156038
2135490589
156038
2134638621
156038
1682767963
156038
1683030076
156352
1683030076
156666
2135490589
156666
2134638621
156666
1682833500
156666
1683030076
156823
2135490589
156823
2134638621
156981
2135490589
156981
2134638621
156981
1683030076
157138
2135490589
157138
2134638621
157295
2135490589
157295
2134638621
157295
1682767963
157295
1683030076
157609
1683030076
157923
2135490589
157923
2134638621
157923
1683030076
158237
1683030076
158551
2135490589
158551
2134638621
158551
1682767963
158551
1683030076
158846
1683030076
159141
2135490589
159141
2134638621
159141
1682833500
159141
1683030076
159296
2135490589
159296
2134638621
159450
2135490589
159450
2134638621
159450
1683030076
159605
2135490589
159605
2134638621
159760
2135490589
159760
2134638621
159760
1682767963
159760
1683030076
159914
2135490589
159914
2134638621
160069
1682767963
160069
1683030076
160223
1682767963
160378
2135490589
160378
2134638621
160378
1682767963
160378
2135556125
160378
2134704157
160535
1682767963
160535
2135556125
160535
2134704157
160691
1682767963
160691
2135556125
160691
2134704157
160848
1682767963
160848
2135556125
160848
2134704157
161004
1682767963
161004
2135556125
161004
2134704157
161160
1682767963
161160
2135556125
161160
2134704157
161317
1682767963
161317
2135556125
161317
2134704157
161473
1682767963
161473
2135556125
161473
2134704157
161630
2135490589
161630
2134638621
161630
1683030076
161947
1683030076
162265
2135490589
162265
2134638621
162265
1682767963
162265
1683030076
162582
1683030076
162900
2135490589
162900
2134638621
162900
1682833500
162900
1683030076
163217
1683030076
163535
2135490589
163535
2134638621
163535
1682767963
163535
1683030076
163852
1683030076
164170
2135490589
164170
2134638621
164170
1682833500
164170
1683030076
164487
1683030076
164805
2135490589
164805
2134638621
164805
1682767963
164805
1683030076
165122
1683030076
165439
2135490589
165439
2134638621
165439
1682833500
165439
1683030076
165757
1683030076
166074
2135490589
166074
2134638621
166074
1682767963
166074
1683030076
166392
1683030076
166709
2135490589
166709
2134638621
166709
1682833500
166709
1683030076
167027
1683030076
167344
2135490589
167344
2134638621
167344
1682767963
167344
1683030076
167662
1683030076
167979
2135490589
167979
2134638621
167979
1682833500
167979
1683030076
168297
1683030076
168614
2135490589
168614
2134638621
168614
1682767963
168614
1683030076
168932
1683030076
169249
2135490589
169249
2134638621
169249
1682833500
169249
1683030076
169574
1683030076
169899
2135490589
169899
2134638621
169899
1682767963
169899
1683030076
170224
1683030076
170549
2135490589
170549
2134638621
170549
1682833500
170549
1683030076
170860
1683030076
171170
2135490589
171170
2134638621
171170
1682767963
171170
1683030076
171481
1682767963
171481
1683030076
171636
1682767963
171792
2135490589
171792
2134638621
171792
1682833500
171945
2135490589
171945
2134638621
172099
2135490589
172099
2134638621
172099
1683030076
172252
2135490589
172252
2134638621
172406
2135490589
172406
2134638621
172406
1682767963
172406
1683030076
172559
2135490589
172559
2134638621
172713
2135490589
172713
2134638621
172713
1683030076
172866
2135490589
172866
2134638621
172866
1682833500
173019
2135490589
173019
2134638621
173019
1683030076
173173
2135490589
173173
2134638621
173326
2135490589
173326
2134638621
173326
1683030076
173480
2135490589
173480
2134638621
173633
2135490589
173633
2134638621
173633
1682767963
173633
1683030076
173786
2135490589
173786
2134638621
173938
2135490589
173938
2134638621
173938
1683030076
174090
2135490589
174090
2134638621
174242
2135490589
174242
2134638621
174242
1682833500
174242
1683030076
174395
2135490589
174395
2134638621
174547
2135490589
174547
2134638621
174547
1683030076
174699
2135490589
174699
2134638621
174851
2135490589
174851
2134638621
174851
1682767963
174851
1683030076
175004
2135490589
175004
2134638621
175156
2135490589
175156
2134638621
175156
1683030076
175308
2135490589
175308
2134638621
175460
2135490589
175460
2134638621
175460
1682833500
175460
1683030076
175613
2135490589
175613
2134638621
175765
2135490589
175765
2134638621
175765
1683030076
175917
2135490589
175917
2134638621
176070
2135490589
176070
2134638621
176070
1682767963
176070
1683030076
176222
2135490589
176222
2134638621
176374
2135490589
176374
2134638621
176374
1683030076
176527
2135490589
176527
2134638621
176679
2135490589
176679
2134638621
176679
1682833500
176679
1683030076
176831
2135490589
176831
2134638621
176981
2135490589
176981
2134638621
176981
1683030076
177133
2135490589
177133
2134638621
177284
2135490589
177284
2134638621
177284
1682767963
177284
1683030076
177436
2135490589
177436
2134638621
177586
2135490589
177586
2134638621
177586
1683030076
177738
2135490589
177738
2134638621
177889
2135490589
177889
2134638621
177889
1682833500
177889
1683030076
178041
2135490589
178041
2134638621
178191
2135490589
178191
2134638621
178191
1683030076
178343
2135490589
178343
2134638621
178494
2135490589
178494
2134638621
178494
1682767963
178494
1683030076
178645
2135490589
178645
2134638621
178796
2135490589
178796
2134638621
178796
1683030076
178947
2135490589
178947
2134638621
179099
2135490589
179099
2134638621
179099
1682833500
179099
1683030076
179250
2135490589
179250
2134638621
179401
2135490589
179401
2134638621
179401
1683030076
179551
2135490589
179551
2134638621
179702
2135490589
179702
2134638621
179702
1682767963
179702
1683030076
179853
2135490589
179853
2134638621
180003
2135490589
180003
2134638621
180003
1683030076
180153
2135490589
180153
2134638621
180303
2135490589
180303
2134638621
180303
1682833500
180303
1683030076
180454
2135490589
180454
2134638621
180604
2135490589
180604
2134638621
180604
1683030076
180754
2135490589
180754
2134638621
180905
2135490589
180905
2134638621
180905
1682767963
180905
1683030076
181056
2135490589
181056
2134638621
181206
2135490589
181206
2134638621
181206
1683030076
181356
2135490589
181356
2134638621
181506
2135490589
181506
2134638621
181506
1682833500
181506
1683030076
