8292
2135490589
8292
2134638621
8292
1682833500
8418
2135490589
8418
2134638621
8544
2135490589
8544
2134638621
8544
1682833500
8670
2135490589
8670
2134638621
8796
2135490589
8796
2134638621
8796
1682767963
8796
1682833500
9048
2135490589
9048
2134638621
9048
1682833500
9301
2135490589
9301
2134638621
9301
1682833500
9553
2135490589
9553
2134638621
9553
1682833500
9805
2135490589
9805
2134638621
9805
1682767963
9805
1682833500
9931
2135490589
9931
2134638621
10057
2135490589
10057
2134638621
10057
1682833500
10309
2135490589
10309
2134638621
10309
1682833500
10435
2135490589
10435
2134638621
10561
2135490589
10561
2134638621
10561
1682833500
10687
2135490589
10687
2134638621
10813
2135490589
10813
2134638621
10813
1682767963
10813
1682833500
11065
2135490589
11065
2134638621
11065
1682833500
11317
2135490589
11317
2134638621
11317
1682833500
11570
2135490589
11570
2134638621
11570
1682833500
11822
2135490589
11822
2134638621
11822
1682767963
11822
1682833500
11948
2135490589
11948
2134638621
12074
2135490589
12074
2134638621
12074
1682833500
12326
2135490589
12326
2134638621
12326
1682833500
12452
2135490589
12452
2134638621
12578
2135490589
12578
2134638621
12578
1682833500
12704
2135490589
12704
2134638621
12830
2135490589
12830
2134638621
12830
1682767963
12830
1682833500
13082
2135490589
13082
2134638621
13082
1682833500
13334
2135490589
13334
2134638621
13334
1682833500
13586
2135490589
13586
2134638621
13586
1682833500
13838
2135490589
13838
2134638621
13838
1682767963
13838
1682833500
13964
2135490589
13964
2134638621
14091
2135490589
14091
2134638621
14091
1682833500
14343
2135490589
14343
2134638621
14343
1682833500
14469
2135490589
14469
2134638621
14595
2135490589
14595
2134638621
14595
1682833500
14721
2135490589
14721
2134638621
14847
2135490589
14847
2134638621
14847
1682767963
14847
1682833500
15098
2135490589
15098
2134638621
15098
1682833500
15351
2135490589
15351
2134638621
15351
1682833500
15603
2135490589
15603
2134638621
15603
1682833500
15855
2135490589
15855
2134638621
15855
1682767963
15855
1682833500
15981
2135490589
15981
2134638621
16107
2135490589
16107
2134638621
16107
1682833500
16359
2135490589
16359
2134638621
16359
1682833500
16485
2135490589
16485
2134638621
16612
2135490589
16612
2134638621
16612
1682833500
16738
2135490589
16738
2134638621
16864
2135490589
16864
2134638621
16864
1682767963
16864
1682833500
17115
2135490589
17115
2134638621
17115
1682833500
17368
2135490589
17368
2134638621
17368
1682833500
17620
2135490589
17620
2134638621
17620
1682833500
17872
2135490589
17872
2134638621
17872
1682767963
17872
1682833500
17998
2135490589
17998
2134638621
18124
2135490589
18124
2134638621
18124
1682833500
18376
2135490589
18376
2134638621
18376
1682833500
18502
2135490589
18502
2134638621
18628
2135490589
18628
2134638621
18628
1682833500
18754
2135490589
18754
2134638621
18880
2135490589
18880
2134638621
18880
1682767963
18880
1682833500
19132
2135490589
19132
2134638621
19132
1682833500
19385
2135490589
19385
2134638621
19385
1682833500
19637
2135490589
19637
2134638621
19637
1682833500
19889
2135490589
19889
2134638621
19889
1682767963
19889
1682833500
20015
2135490589
20015
2134638621
20141
2135490589
20141
2134638621
20141
1682833500
20393
2135490589
20393
2134638621
20393
1682833500
20519
2135490589
20519
2134638621
20645
2135490589
20645
2134638621
20645
1682833500
20771
2135490589
20771
2134638621
20897
2135490589
20897
2134638621
20897
1682767963
20897
1682833500
21149
2135490589
21149
2134638621
21149
1682833500
21401
2135490589
21401
2134638621
21401
1682833500
21654
2135490589
21654
2134638621
21654
1682833500
21906
2135490589
21906
2134638621
21906
1682767963
21906
1682833500
22032
2135490589
22032
2134638621
22158
2135490589
22158
2134638621
22158
1682833500
22410
2135490589
22410
2134638621
22410
1682833500
22536
2135490589
22536
2134638621
22536
1682833500
22662
2135490589
22662
2134638621
22662
1682833500
22788
2135490589
22788
2134638621
22788
1682833500
22914
2135490589
22914
2134638621
22914
1682833500
23040
2135490589
23040
2134638621
23040
1682833500
23166
2135490589
23166
2134638621
23166
1682833500
23292
2135490589
23292
2134638621
23292
1682833500
23418
2135490589
23418
2134638621
23418
1682833500
23796
2135490589
23796
2134638621
23859
2135490589
23859
2134638621
23922
1682767963
24427
2135490589
24427
2134638621
24427
1682833500
24553
2135490589
24553
2134638621
24679
2135490589
24679
2134638621
24679
1682833500
24805
2135490589
24805
2134638621
24931
2135490589
24931
2134638621
24931
1682767963
24931
1682833500
25182
2135490589
25182
2134638621
25182
1682833500
25435
2135490589
25435
2134638621
25435
1682833500
25687
2135490589
25687
2134638621
25687
1682833500
25939
2135490589
25939
2134638621
25939
1682767963
25939
1682833500
26065
2135490589
26065
2134638621
26191
2135490589
26191
2134638621
26191
1682833500
26443
2135490589
26443
2134638621
26443
1682833500
26569
2135490589
26569
2134638621
26696
2135490589
26696
2134638621
26696
1682833500
26822
2135490589
26822
2134638621
26948
2135490589
26948
2134638621
26948
1682767963
26948
1682833500
27199
2135490589
27199
2134638621
27199
1682833500
27452
2135490589
27452
2134638621
27452
1682833500
27704
2135490589
27704
2134638621
27704
1682833500
27956
2135490589
27956
2134638621
27956
1682767963
27956
1682833500
28082
2135490589
28082
2134638621
28208
2135490589
28208
2134638621
28208
1682833500
28460
2135490589
28460
2134638621
28460
1682833500
28586
2135490589
28586
2134638621
28712
2135490589
28712
2134638621
28712
1682833500
28838
2135490589
28838
2134638621
28964
2135490589
28964
2134638621
28964
1682767963
28964
1682833500
29216
2135490589
29216
2134638621
29216
1682833500
29469
2135490589
29469
2134638621
29469
1682833500
29721
2135490589
29721
2134638621
29721
1682833500
29973
2135490589
29973
2134638621
29973
1682767963
29973
1682833500
30099
2135490589
30099
2134638621
30225
2135490589
30225
2134638621
30225
1682833500
30477
2135490589
30477
2134638621
30477
1682767963
30477
1682964573
30981
2135490589
30981
2134638621
30981
1682767963
30981
1682833500
31485
2135490589
31485
2134638621
31485
1682767963
31485
1683030076
31990
2135490589
31990
2134638621
31990
1682767963
31990
1682833500
32494
1682767963
32494
1682833500
32746
1682767963
32746
1682833500
32998
1682767963
32998
1682833500
33250
1682767963
33250
1682833500
33502
1682767963
33502
1682833500
33754
1682767963
33754
1682833500
34006
1682767963
34006
1682833500
34259
1682767963
34259
1682833500
34511
1682767963
34511
1682833500
34763
1682767963
34763
1682833500
35015
1682767963
35015
1682833500
35267
1682767963
35267
1682833500
35519
1682767963
35519
1682833500
35771
1682767963
35771
1682833500
36023
1682767963
36023
1682833500
36275
1682767963
36275
1682833500
36527
1682767963
36527
1682833500
36780
1682767963
36780
1682833500
37032
1682767963
37032
1682833500
37284
1682767963
37284
1682833500
37536
1682767963
37536
1682833500
37788
1682767963
37788
1682833500
38040
1682767963
38040
1682833500
38292
1682767963
38292
1682833500
38544
1682767963
38544
1682833500
38796
1682767963
38796
1682833500
39048
1682767963
39048
1682833500
39300
1682767963
39300
1682833500
39553
1682767963
39553
1682833500
39805
1682767963
39805
1682833500
40057
1682767963
40057
1682964573
40561
2135490589
40561
2134638621
40561
1682767963
40561
1682833500
40687
2135490589
40687
2134638621
40813
2135490589
40813
2134638621
40813
1682767963
40813
1682833500
40939
2135490589
40939
2134638621
41065
2135490589
41065
2134638621
41065
1682767963
41065
1682833500
41317
2135490589
41317
2134638621
41317
1682767963
41317
1682833500
41569
2135490589
41569
2134638621
41569
1682767963
41569
1682833500
41821
2135490589
41821
2134638621
41821
1682767963
41821
1682833500
42074
2135490589
42074
2134638621
42074
1682767963
42074
1682833500
42200
2135490589
42200
2134638621
42326
2135490589
42326
2134638621
42326
1682767963
42326
1682833500
42578
2135490589
42578
2134638621
42578
1682767963
42578
1682833500
42704
2135490589
42704
2134638621
42830
2135490589
42830
2134638621
42830
1682767963
42830
1682833500
42956
2135490589
42956
2134638621
43082
2135490589
43082
2134638621
43082
1682767963
43082
1682833500
43334
2135490589
43334
2134638621
43334
1682767963
43334
1682833500
43586
2135490589
43586
2134638621
43586
1682767963
43586
1682833500
43838
2135490589
43838
2134638621
43838
1682767963
43838
1682833500
44090
2135490589
44090
2134638621
44090
1682767963
44090
1682833500
44216
2135490589
44216
2134638621
44342
2135490589
44342
2134638621
44342
1682767963
44342
1682833500
44595
2135490589
44595
2134638621
44595
1682767963
44595
1682833500
44721
2135490589
44721
2134638621
44847
2135490589
44847
2134638621
44847
1682767963
44847
1682833500
44973
2135490589
44973
2134638621
45099
2135490589
45099
2134638621
45099
1682767963
45099
1682833500
45351
2135490589
45351
2134638621
45351
1682767963
45351
1682833500
45603
2135490589
45603
2134638621
45603
1682767963
45603
1682833500
45855
2135490589
45855
2134638621
45855
1682767963
45855
1682833500
46107
2135490589
46107
2134638621
46107
1682767963
46107
1682833500
46233
2135490589
46233
2134638621
46359
2135490589
46359
2134638621
46359
1682767963
46359
1682833500
46611
2135490589
46611
2134638621
46611
1682767963
46611
1682833500
46737
2135490589
46737
2134638621
46863
2135490589
46863
2134638621
46863
1682767963
46863
1682833500
46990
2135490589
46990
2134638621
47116
2135490589
47116
2134638621
47116
1682767963
47116
1682833500
47368
2135490589
47368
2134638621
47368
1682767963
47368
1682833500
47620
2135490589
47620
2134638621
47620
1682767963
47620
1682833500
47871
2135490589
47871
2134638621
47871
1682767963
47871
1682833500
48124
2135490589
48124
2134638621
48124
1682767963
48124
1682833500
48250
2135490589
48250
2134638621
48376
2135490589
48376
2134638621
48376
1682767963
48376
1682833500
48628
2135490589
48628
2134638621
48628
1682767963
48628
1682833500
48754
2135490589
48754
2134638621
48880
2135490589
48880
2134638621
48880
1682767963
48880
1682833500
49006
2135490589
49006
2134638621
49132
2135490589
49132
2134638621
49132
1682767963
49132
1682833500
49384
2135490589
49384
2134638621
49384
1682767963
49384
1682833500
49637
2135490589
49637
2134638621
49637
1682767963
49637
1682833500
49888
2135490589
49888
2134638621
49888
1682767963
49888
1682833500
50141
2135490589
50141
2134638621
50141
1682767963
50141
1682833500
50267
2135490589
50267
2134638621
50393
2135490589
50393
2134638621
50393
1682767963
50393
1682833500
50645
2135490589
50645
2134638621
50645
1682767963
50645
1682833500
50771
2135490589
50771
2134638621
50897
2135490589
50897
2134638621
50897
1682767963
50897
1682833500
51023
2135490589
51023
2134638621
51149
2135490589
51149
2134638621
51149
1682767963
51149
1682833500
51401
2135490589
51401
2134638621
51401
1682767963
51401
1682833500
51653
2135490589
51653
2134638621
51653
1682767963
51653
1682833500
51905
2135490589
51905
2134638621
51905
1682767963
51905
1682833500
52158
2135490589
52158
2134638621
52158
1682767963
52158
1682833500
52284
2135490589
52284
2134638621
52410
2135490589
52410
2134638621
52410
1682767963
52410
1682833500
52662
2135490589
52662
2134638621
52662
1682767963
52662
1682833500
52788
2135490589
52788
2134638621
52914
2135490589
52914
2134638621
52914
1682767963
52914
1682833500
53040
2135490589
53040
2134638621
53166
2135490589
53166
2134638621
53166
1682767963
53166
1682833500
53418
2135490589
53418
2134638621
53418
1682767963
53418
1682833500
53670
2135490589
53670
2134638621
53670
1682767963
53670
1682833500
53922
2135490589
53922
2134638621
53922
1682767963
53922
1682833500
54174
2135490589
54174
2134638621
54174
1682767963
54174
1682833500
54300
2135490589
54300
2134638621
54426
2135490589
54426
2134638621
54426
1682767963
54426
1682833500
54679
2135490589
54679
2134638621
54679
1682767963
54679
1682833500
54805
2135490589
54805
2134638621
54805
1682767963
54931
2135490589
54931
2134638621
54931
1682767963
54931
1682833500
55057
2135490589
55057
2134638621
55057
1682767963
55183
2135490589
55183
2134638621
55183
1682767963
55183
1682833500
55309
2135490589
55309
2134638621
55309
1682767963
55435
2135490589
55435
2134638621
55435
1682767963
55435
1682833500
55561
2135490589
55561
2134638621
55561
1682767963
55687
2135490589
55687
2134638621
55687
1682767963
55687
1682833500
56065
2135490589
56065
2134638621
56128
2135490589
56128
2134638621
56191
1682767963
56191
1682833500
56695
2135490589
56695
2134638621
56695
1682767963
56695
1682833500
56821
2135490589
56821
2134638621
56947
2135490589
56947
2134638621
56947
1682767963
56947
1682833500
57074
2135490589
57074
2134638621
57200
2135490589
57200
2134638621
57200
1682767963
57200
1682833500
57452
2135490589
57452
2134638621
57452
1682767963
57452
1682833500
57704
2135490589
57704
2134638621
57704
1682767963
57704
1682833500
57955
2135490589
57955
2134638621
57955
1682767963
57955
1682833500
58208
2135490589
58208
2134638621
58208
1682767963
58208
1682833500
58334
2135490589
58334
2134638621
58460
2135490589
58460
2134638621
58460
1682767963
58460
1682833500
58712
2135490589
58712
2134638621
58712
1682767963
58712
1682833500
58838
2135490589
58838
2134638621
58964
2135490589
58964
2134638621
58964
1682767963
58964
1682833500
59090
2135490589
59090
2134638621
59216
2135490589
59216
2134638621
59216
1682767963
59216
1682833500
59468
2135490589
59468
2134638621
59468
1682767963
59468
1682833500
59721
2135490589
59721
2134638621
59721
1682767963
59721
1682833500
59972
2135490589
59972
2134638621
59972
1682767963
59972
1682833500
60225
2135490589
60225
2134638621
60225
1682767963
60225
1682833500
60351
2135490589
60351
2134638621
60477
2135490589
60477
2134638621
60477
1682767963
60477
1682833500
60729
2135490589
60729
2134638621
60729
1682767963
60729
1682833500
60855
2135490589
60855
2134638621
60981
2135490589
60981
2134638621
60981
1682767963
60981
1682833500
61107
2135490589
61107
2134638621
61233
2135490589
61233
2134638621
61233
1682767963
61233
1682833500
61485
2135490589
61485
2134638621
61485
1682767963
61485
1682833500
61737
2135490589
61737
2134638621
61737
1682767963
61737
1682833500
61989
2135490589
61989
2134638621
61989
1682767963
61989
1682833500
62242
2135490589
62242
2134638621
62242
1682767963
62242
1682833500
62368
2135490589
62368
2134638621
62494
2135490589
62494
2134638621
62494
1682767963
62494
1682833500
62746
2135490589
62746
2134638621
62746
1682767963
62746
1682964573
63250
2135490589
63250
2134638621
63250
1682767963
63250
1682833500
63754
2135490589
63754
2134638621
63754
1682767963
63754
1683030076
64258
2135490589
64258
2134638621
64258
1682767963
64258
1682833500
64763
2135490589
64763
2134638621
64763
1682767963
64763
1683030076
64889
2135490589
64889
2134638621
65015
2135490589
65015
2134638621
65015
1682767963
65015
1683030076
65141
2135490589
65141
2134638621
65267
2135490589
65267
2134638621
65267
1682767963
65267
1683030076
65393
2135490589
65393
2134638621
65519
2135490589
65519
2134638621
65519
1682767963
65519
1683030076
65645
2135490589
65645
2134638621
65771
2135490589
65771
2134638621
65771
1682767963
65771
1683030076
65897
2135490589
65897
2134638621
66023
2135490589
66023
2134638621
66023
1682767963
66023
1683030076
66149
2135490589
66149
2134638621
66275
2135490589
66275
2134638621
66275
1682767963
66275
1683030076
66401
2135490589
66401
2134638621
66527
2135490589
66527
2134638621
66527
1682767963
66527
1683030076
66653
2135490589
66653
2134638621
66779
2135490589
66779
2134638621
66779
1682767963
66779
1683030076
66905
2135490589
66905
2134638621
67031
2135490589
67031
2134638621
67031
1682767963
67031
1683030076
67158
2135490589
67158
2134638621
67284
2135490589
67284
2134638621
67284
1682767963
67284
1683030076
67410
2135490589
67410
2134638621
67536
2135490589
67536
2134638621
67536
1682767963
67536
1683030076
67662
2135490589
67662
2134638621
67788
2135490589
67788
2134638621
67788
1682767963
67788
1683030076
67914
2135490589
67914
2134638621
68040
2135490589
68040
2134638621
68040
1682767963
68040
1683030076
68166
2135490589
68166
2134638621
68292
2135490589
68292
2134638621
68292
1682767963
68292
1683030076
68418
2135490589
68418
2134638621
68544
2135490589
68544
2134638621
68544
1682767963
68544
1683030076
68670
2135490589
68670
2134638621
68796
2135490589
68796
2134638621
68796
1682767963
68796
1683030076
68922
2135490589
68922
2134638621
69048
2135490589
69048
2134638621
69048
1682767963
69048
1683030076
69174
2135490589
69174
2134638621
69300
2135490589
69300
2134638621
69300
1682767963
69300
1683030076
69426
2135490589
69426
2134638621
69552
2135490589
69552
2134638621
69552
1682767963
69552
1683030076
69679
2135490589
69679
2134638621
69805
2135490589
69805
2134638621
69805
1682767963
69805
1683030076
69931
2135490589
69931
2134638621
70057
2135490589
70057
2134638621
70057
1682767963
70057
1683030076
70183
2135490589
70183
2134638621
70309
2135490589
70309
2134638621
70309
1682767963
70309
1683030076
70435
2135490589
70435
2134638621
70561
2135490589
70561
2134638621
70561
1682767963
70561
1683030076
70687
2135490589
70687
2134638621
70813
1682767963
70939
1682767963
71065
2135490589
71065
2134638621
71065
1682964573
71317
1682767963
71443
1682767963
71569
2135490589
71569
2134638621
71569
1682964573
71821
1682767963
71947
1682767963
72073
2135490589
72073
2134638621
72073
1682964573
72326
1682767963
72452
1682767963
72578
2135490589
72578
2134638621
72578
1682964573
72830
2135490589
72830
2134638621
72830
1682767963
72830
1683030076
72956
2135490589
72956
2134638621
73082
2135490589
73082
2134638621
73082
1682767963
73082
1683030076
73208
2135490589
73208
2134638621
73334
2135490589
73334
2134638621
73334
1682767963
73334
1683030076
73460
2135490589
73460
2134638621
73586
2135490589
73586
2134638621
73586
1682767963
73586
1683030076
73712
2135490589
73712
2134638621
73838
2135490589
73838
2134638621
73838
1682767963
73838
1683030076
73964
2135490589
73964
2134638621
74090
2135490589
74090
2134638621
74090
1682767963
74090
1683030076
74216
2135490589
74216
2134638621
74342
2135490589
74342
2134638621
74342
1682767963
74342
1683030076
74468
2135490589
74468
2134638621
74594
2135490589
74594
2134638621
74594
1682767963
74594
1683030076
74721
2135490589
74721
2134638621
74847
2135490589
74847
2134638621
74847
1682767963
74847
1683030076
74972
2135490589
74972
2134638621
75098
2135490589
75098
2134638621
75098
1682767963
75098
1683030076
75225
2135490589
75225
2134638621
75351
2135490589
75351
2134638621
75351
1682767963
75351
1683030076
75477
2135490589
75477
2134638621
75603
2135490589
75603
2134638621
75603
1682767963
75603
1683030076
75729
2135490589
75729
2134638621
75855
2135490589
75855
2134638621
75855
1682767963
75855
1683030076
75981
2135490589
75981
2134638621
76107
2135490589
76107
2134638621
76107
1682767963
76107
1683030076
76233
2135490589
76233
2134638621
76359
2135490589
76359
2134638621
76359
1682767963
76359
1683030076
76485
2135490589
76485
2134638621
76611
2135490589
76611
2134638621
76611
1682767963
76611
1683030076
76737
2135490589
76737
2134638621
76863
2135490589
76863
2134638621
76863
1682767963
76863
1683030076
76989
2135490589
76989
2134638621
77115
2135490589
77115
2134638621
77115
1682767963
77115
1683030076
77242
2135490589
77242
2134638621
77368
2135490589
77368
2134638621
77368
1682767963
77368
1683030076
77493
2135490589
77493
2134638621
77619
2135490589
77619
2134638621
77619
1682767963
77619
1683030076
77746
2135490589
77746
2134638621
77872
2135490589
77872
2134638621
77872
1682767963
77872
1683030076
77998
2135490589
77998
2134638621
78124
2135490589
78124
2134638621
78124
1682767963
78124
1683030076
78250
2135490589
78250
2134638621
78376
2135490589
78376
2134638621
78376
1682767963
78376
1683030076
78502
2135490589
78502
2134638621
78628
2135490589
78628
2134638621
78628
1682767963
78628
1683030076
78754
2135490589
78754
2134638621
78880
2135490589
78880
2134638621
78880
1682767963
78880
1683030076
79006
1682767963
79132
1682767963
79258
1682767963
79384
1682767963
79510
1682767963
79636
1682767963
79763
1682767963
79889
1682767963
80014
1682767963
80140
1682767963
80267
1682767963
80393
2135490589
80393
2134638621
80393
1683030076
80897
2135490589
80897
2134638621
80897
1683030076
82914
2135490589
82914
2134638621
82914
1682833500
82914
1683030076
84931
2135490589
84931
2134638621
84931
1683030076
86947
2135490589
86947
2134638621
86947
1682833500
86947
1683030076
88460
1682964573
88964
2135490589
88964
2134638621
88964
1683030076
90981
2135490589
90981
2134638621
90981
1682833500
90981
1683030076
92998
2135490589
92998
2134638621
92998
1683030076
93502
1682767963
93534
1682767963
94006
1682636859
94006
1681784891
94132
1682636859
94132
1681784891
94258
1682636859
94258
1681784891
94384
1682636859
94384
1681784891
94510
1682636859
94510
1681784891
94762
2135556125
94762
2134704157
94889
2135556125
94889
2134704157
95015
2135556125
95015
2134704157
95519
1682767963
95547
1682767963
96023
2135490589
96023
2134638621
96023
1682964573
96275
1682767963
96401
1682767963
96527
2135490589
96527
2134638621
96527
1682833500
96779
1682767963
96905
1682767963
97031
2135490589
97031
2134638621
97031
1683030076
97283
1682767963
97410
1682767963
97536
2135490589
97536
2134638621
97536
1683030076
97788
2135490589
97788
2134638621
97788
1682833500
98040
2135490589
98040
2134638621
98040
1683030076
98544
2135490589
98544
2134638621
98544
1682767963
98544
1682833500
99048
2135490589
99048
2134638621
99048
1682767963
99081
1682767963
99300
1682767963
99426
1682767963
99552
2135490589
99552
2134638621
99552
1682833500
100057
2135490589
100057
2134638621
100057
1683030076
100813
2135490589
100813
2134638621
100813
1682767963
100813
1682833500
101065
2135490589
101065
2134638621
101065
1682767963
101065
1682833500
101821
2135490589
101821
2134638621
101821
1683030076
102073
2135490589
102073
2134638621
102073
1683030076
102578
2135556125
102578
2134704157
102641
2135556125
102641
2134704157
102704
2135556125
102704
2134704157
102767
2135556125
102767
2134704157
102830
2135556125
102830
2134704157
102893
2135556125
102893
2134704157
102956
2135556125
102956
2134704157
103019
2135556125
103019
2134704157
103082
2135556125
103082
2134704157
104090
1682767963
104216
1682636859
104216
1681784891
104342
2135556125
104342
2134704157
104468
2135556125
104468
2134704157
104594
2135490589
104594
2134638621
104594
1683030076
104846
2135490589
104846
2134638621
104846
1682833500
105099
2135490589
105099
2134638621
105099
1682964573
105351
2135490589
105351
2134638621
105414
2135490589
105414
2134638621
105477
2135490589
105477
2134638621
105540
2135490589
105540
2134638621
105603
2135490589
105603
2134638621
105603
1682767963
105603
1683030076
105855
2135490589
105855
2134638621
105855
1682964573
106107
2135490589
106107
2134638621
106107
1682833500
106611
1682833500
106863
1682833500
106989
1682833500
107115
1682833500
107872
1682767963
107872
1682833500
108124
1682767963
108124
1682833500
108376
1682767963
108439
1682767963
108502
1682767963
108565
1682767963
108628
1682767963
108880
1681850426
108880
1682702394
109132
1681850426
109132
1682702394
109384
1682636859
109384
1681784891
109447
1682636859
109447
1681784891
109510
1682636859
109510
1681784891
109573
1682636859
109573
1681784891
109636
1682636859
109636
1681784891
109888
1682636859
109888
1681784891
110141
2135490589
110141
2134638621
110141
1682636859
110141
1681784891
110141
2135556125
110141
2134704157
110393
2135490589
110393
2134638621
110456
2135490589
110456
2134638621
110519
2135490589
110519
2134638621
110582
2135490589
110582
2134638621
110645
2135490589
110645
2134638621
110897
2135490589
110897
2134638621
111149
2135490589
111149
2134638621
111149
1682636859
111149
1681784891
111149
2135556125
111149
2134704157
