2183
2135490589
2183
2134638621
2183
1683030076
3595
2135490589
3595
2134638621
3595
1682833500
3595
1683030076
5007
2135490589
5007
2134638621
5007
1683030076
6418
2135490589
6418
2134638621
6418
1682833500
6418
1683030076
7124
2135490589
7124
2134638621
7124
1682833500
7124
1682964573
7830
2135490589
7830
2134638621
7830
1683030076
9242
2135490589
9242
2134638621
9242
1682833500
9242
1683030076
10654
2135490589
10654
2134638621
10654
1683030076
12065
2135490589
12065
2134638621
12065
1682833500
12065
1683030076
12418
1682833500
12771
1682833500
13124
1682833500
13477
1682833500
13830
1682833500
14183
1682833500
14536
1682833500
14889
1682833500
15242
1682833500
15595
1682833500
15948
1682833500
16301
1682833500
16654
1682833500
17007
1682833500
17359
1682767963
17391
1682767963
17712
2135490589
17712
2134638621
17712
1682964573
17801
2135490589
17801
2134638621
17889
2135490589
17889
2134638621
17889
1682767963
17889
1682833500
17977
2135490589
17977
2134638621
18065
2135490589
18065
2134638621
18065
1682833500
18154
2135490589
18154
2134638621
18242
2135490589
18242
2134638621
18242
1682767963
18242
1682833500
18330
2135490589
18330
2134638621
18418
2135490589
18418
2134638621
18418
1682833500
18507
2135490589
18507
2134638621
18595
2135490589
18595
2134638621
18595
1682767963
18595
1682833500
18683
2135490589
18683
2134638621
18771
2135490589
18771
2134638621
18771
1682833500
18859
2135490589
18859
2134638621
18948
2135490589
18948
2134638621
18948
1682767963
18948
1682833500
19036
2135490589
19036
2134638621
19124
2135490589
19124
2134638621
19124
1682833500
19212
2135490589
19212
2134638621
19301
2135490589
19301
2134638621
19301
1682767963
19301
1682833500
19389
2135490589
19389
2134638621
19477
2135490589
19477
2134638621
19477
1682833500
19566
2135490589
19566
2134638621
19654
2135490589
19654
2134638621
19654
1682767963
19654
1682833500
19742
2135490589
19742
2134638621
19830
2135490589
19830
2134638621
19830
1682833500
19919
2135490589
19919
2134638621
20007
2135490589
20007
2134638621
20007
1682767963
20007
1682833500
20095
2135490589
20095
2134638621
20183
2135490589
20183
2134638621
20183
1682833500
20271
2135490589
20271
2134638621
20360
2135490589
20360
2134638621
20360
1682767963
20360
1682833500
20448
2135490589
20448
2134638621
20536
2135490589
20536
2134638621
20536
1682833500
20624
2135490589
20624
2134638621
20713
2135490589
20713
2134638621
20713
1682767963
20713
1682833500
20801
2135490589
20801
2134638621
20889
2135490589
20889
2134638621
20889
1682833500
20978
2135490589
20978
2134638621
21066
2135490589
21066
2134638621
21066
1682767963
21066
1682833500
21154
2135490589
21154
2134638621
21242
2135490589
21242
2134638621
21242
1682833500
21331
2135490589
21331
2134638621
21419
2135490589
21419
2134638621
21419
1682767963
21419
1682833500
21507
2135490589
21507
2134638621
21595
2135490589
21595
2134638621
21595
1682833500
21683
2135490589
21683
2134638621
21772
2135490589
21772
2134638621
21772
1682767963
21772
1682833500
21860
2135490589
21860
2134638621
21948
2135490589
21948
2134638621
21948
1682833500
22036
2135490589
22036
2134638621
22125
2135490589
22125
2134638621
22125
1682767963
22125
1682833500
22213
2135490589
22213
2134638621
22301
2135490589
22301
2134638621
22301
1682833500
22390
2135490589
22390
2134638621
22478
2135490589
22478
2134638621
22478
1682767963
22478
1682833500
22566
2135490589
22566
2134638621
22654
2135490589
22654
2134638621
22654
1682833500
22743
2135490589
22743
2134638621
22831
2135490589
22831
2134638621
22831
1682767963
22831
1682833500
22919
2135490589
22919
2134638621
23007
2135490589
23007
2134638621
23007
1682767963
23095
2135490589
23095
2134638621
23095
1682767963
23183
2135490589
23183
2134638621
23183
1681850426
23183
1682702394
23271
2135490589
23271
2134638621
23271
1681850426
23271
1682702394
23359
2135490589
23359
2134638621
23359
1683030076
23447
2135490589
23447
2134638621
23536
2135490589
23536
2134638621
23536
1682767963
23536
1682964573
23624
2135490589
23624
2134638621
23712
2135490589
23712
2134638621
23712
1682964573
23801
2135490589
23801
2134638621
23889
2135490589
23889
2134638621
23889
1682767963
23889
1682964573
23977
2135490589
23977
2134638621
24065
2135490589
24065
2134638621
24065
1682964573
24154
2135490589
24154
2134638621
24242
2135490589
24242
2134638621
24242
1682767963
24242
1682964573
24330
2135490589
24330
2134638621
24418
2135490589
24418
2134638621
24418
1682964573
24507
2135490589
24507
2134638621
24595
2135490589
24595
2134638621
24595
1682767963
24595
1682964573
24683
2135490589
24683
2134638621
24771
2135490589
24771
2134638621
24771
1682964573
24860
2135490589
24860
2134638621
24948
2135490589
24948
2134638621
24948
1682767963
24948
1682964573
25036
2135490589
25036
2134638621
25124
2135490589
25124
2134638621
25124
1682964573
25213
2135490589
25213
2134638621
25301
2135490589
25301
2134638621
25301
1682767963
25301
1682964573
25389
2135490589
25389
2134638621
25477
2135490589
25477
2134638621
25477
1682964573
25566
2135490589
25566
2134638621
25654
2135490589
25654
2134638621
25654
1682767963
25654
1682964573
25742
2135490589
25742
2134638621
25830
2135490589
25830
2134638621
25830
1682964573
25919
2135490589
25919
2134638621
26007
2135490589
26007
2134638621
26007
1682767963
26007
1682964573
26095
2135490589
26095
2134638621
26183
2135490589
26183
2134638621
26183
1682964573
26272
2135490589
26272
2134638621
26360
2135490589
26360
2134638621
26360
1682767963
26360
1682964573
26448
2135490589
26448
2134638621
26536
2135490589
26536
2134638621
26536
1682964573
26625
2135490589
26625
2134638621
26713
2135490589
26713
2134638621
26713
1682767963
26713
1682964573
26801
2135490589
26801
2134638621
26889
2135490589
26889
2134638621
26889
1682964573
26978
2135490589
26978
2134638621
27066
2135490589
27066
2134638621
27066
1682767963
27066
1682964573
27154
2135490589
27154
2134638621
27242
2135490589
27242
2134638621
27242
1682964573
27331
2135490589
27331
2134638621
27419
2135490589
27419
2134638621
27419
1682767963
27419
1682964573
27507
2135490589
27507
2134638621
27595
2135490589
27595
2134638621
27595
1683030076
27771
1682767963
27948
2135490589
27948
2134638621
27948
1683030076
28124
1682767963
28301
2135490589
28301
2134638621
28301
1683030076
28477
1682767963
28654
1682767963
28830
1682767963
29007
2135490589
29007
2134638621
29007
1682964573
29096
2135490589
29096
2134638621
29183
2135490589
29183
2134638621
29183
1682767963
29183
1682833500
29271
2135490589
29271
2134638621
29359
2135490589
29359
2134638621
29359
1682833500
29448
2135490589
29448
2134638621
29536
2135490589
29536
2134638621
29536
1682767963
29536
1682833500
29624
2135490589
29624
2134638621
29712
2135490589
29712
2134638621
29712
1682833500
29801
2135490589
29801
2134638621
29889
2135490589
29889
2134638621
29889
1682767963
29889
1682833500
29977
2135490589
29977
2134638621
30065
2135490589
30065
2134638621
30065
1682833500
30153
2135490589
30153
2134638621
30242
2135490589
30242
2134638621
30242
1682767963
30242
1682833500
30330
2135490589
30330
2134638621
30418
2135490589
30418
2134638621
30418
1682833500
30506
2135490589
30506
2134638621
30595
2135490589
30595
2134638621
30595
1682767963
30595
1682833500
30683
2135490589
30683
2134638621
30771
2135490589
30771
2134638621
30771
1682833500
30860
2135490589
30860
2134638621
30948
2135490589
30948
2134638621
30948
1682767963
30948
1682833500
31036
2135490589
31036
2134638621
31124
2135490589
31124
2134638621
31124
1682833500
31213
2135490589
31213
2134638621
31301
2135490589
31301
2134638621
31301
1682767963
31301
1682833500
31389
2135490589
31389
2134638621
31477
2135490589
31477
2134638621
31477
1682833500
31565
2135490589
31565
2134638621
31654
2135490589
31654
2134638621
31654
1682767963
31654
1682833500
31742
2135490589
31742
2134638621
31830
2135490589
31830
2134638621
31830
1682833500
31918
2135490589
31918
2134638621
32007
2135490589
32007
2134638621
32007
1682767963
32007
1682833500
32095
2135490589
32095
2134638621
32183
2135490589
32183
2134638621
32183
1682833500
32272
2135490589
32272
2134638621
32360
2135490589
32360
2134638621
32360
1682767963
32360
1682833500
32448
2135490589
32448
2134638621
32536
2135490589
32536
2134638621
32536
1682833500
32625
2135490589
32625
2134638621
32713
2135490589
32713
2134638621
32713
1682767963
32713
1682833500
32801
2135490589
32801
2134638621
32889
2135490589
32889
2134638621
32889
1682833500
32977
2135490589
32977
2134638621
33066
2135490589
33066
2134638621
33066
1682767963
33066
1682833500
33154
2135490589
33154
2134638621
33242
2135490589
33242
2134638621
33242
1682833500
33330
2135490589
33330
2134638621
33419
2135490589
33419
2134638621
33419
1682767963
33419
1682833500
33507
2135490589
33507
2134638621
33595
2135490589
33595
2134638621
33595
1682833500
33684
2135490589
33684
2134638621
33772
2135490589
33772
2134638621
33772
1682767963
33772
1682833500
33860
2135490589
33860
2134638621
33948
2135490589
33948
2134638621
33948
1682833500
34037
2135490589
34037
2134638621
34125
2135490589
34125
2134638621
34125
1682767963
34125
1682833500
34213
2135490589
34213
2134638621
34301
2135490589
34301
2134638621
34301
1682767963
34389
2135490589
34389
2134638621
34389
1682767963
34477
2135490589
34477
2134638621
34477
1681850426
34477
1682702394
34565
2135490589
34565
2134638621
34565
1681850426
34565
1682702394
34654
2135490589
34654
2134638621
34654
1683030076
34742
2135490589
34742
2134638621
34831
2135490589
34831
2134638621
34831
1682767963
34831
1682964573
34919
2135490589
34919
2134638621
35007
2135490589
35007
2134638621
35007
1682964573
35095
2135490589
35095
2134638621
35183
2135490589
35183
2134638621
35183
1682767963
35183
1682964573
35271
2135490589
35271
2134638621
35359
2135490589
35359
2134638621
35359
1682964573
35448
2135490589
35448
2134638621
35536
2135490589
35536
2134638621
35536
1682767963
35536
1682964573
35624
2135490589
35624
2134638621
35712
2135490589
35712
2134638621
35712
1682964573
35801
2135490589
35801
2134638621
35889
2135490589
35889
2134638621
35889
1682767963
35889
1682964573
35977
2135490589
35977
2134638621
36065
2135490589
36065
2134638621
36065
1682964573
36154
2135490589
36154
2134638621
36242
2135490589
36242
2134638621
36242
1682767963
36242
1682964573
36330
2135490589
36330
2134638621
36418
2135490589
36418
2134638621
36418
1682964573
36507
2135490589
36507
2134638621
36595
2135490589
36595
2134638621
36595
1682767963
36595
1682964573
36683
2135490589
36683
2134638621
36771
2135490589
36771
2134638621
36771
1682964573
36860
2135490589
36860
2134638621
36948
2135490589
36948
2134638621
36948
1682767963
36948
1682964573
37036
2135490589
37036
2134638621
37124
2135490589
37124
2134638621
37124
1682964573
37213
2135490589
37213
2134638621
37301
2135490589
37301
2134638621
37301
1682767963
37301
1682964573
37389
2135490589
37389
2134638621
37477
2135490589
37477
2134638621
37477
1682964573
37566
2135490589
37566
2134638621
37654
2135490589
37654
2134638621
37654
1682767963
37654
1682964573
37742
2135490589
37742
2134638621
37830
2135490589
37830
2134638621
37830
1682964573
37919
2135490589
37919
2134638621
38007
2135490589
38007
2134638621
38007
1682767963
38007
1682964573
38095
2135490589
38095
2134638621
38183
2135490589
38183
2134638621
38183
1682964573
38272
2135490589
38272
2134638621
38360
2135490589
38360
2134638621
38360
1682767963
38360
1682964573
38448
2135490589
38448
2134638621
38536
2135490589
38536
2134638621
38536
1682964573
38625
2135490589
38625
2134638621
38713
2135490589
38713
2134638621
38713
1682767963
38713
1682964573
38801
2135490589
38801
2134638621
38889
2135490589
38889
2134638621
38889
1683030076
39065
1682767963
39242
2135490589
39242
2134638621
39242
1683030076
39418
1682767963
39595
2135490589
39595
2134638621
39595
1683030076
39771
1682767963
39948
1682767963
40124
1682767963
40301
2135490589
40301
2134638621
40301
1682767963
40301
1682964573
40390
2135490589
40390
2134638621
40477
2135490589
40477
2134638621
40565
2135490589
40565
2134638621
40654
2135490589
40654
2134638621
40654
1682767963
40654
1682833500
40742
2135490589
40742
2134638621
40830
2135490589
40830
2134638621
40830
1682833500
40919
2135490589
40919
2134638621
41007
2135490589
41007
2134638621
41007
1682767963
41007
1682833500
41094
2135490589
41094
2134638621
41182
2135490589
41182
2134638621
41182
1682833500
41271
2135490589
41271
2134638621
41359
2135490589
41359
2134638621
41359
1682767963
41359
1682833500
41447
2135490589
41447
2134638621
41535
2135490589
41535
2134638621
41535
1682833500
41623
2135490589
41623
2134638621
41712
2135490589
41712
2134638621
41712
1682767963
41712
1682833500
41800
2135490589
41800
2134638621
41888
2135490589
41888
2134638621
41888
1682833500
41976
2135490589
41976
2134638621
42065
2135490589
42065
2134638621
42065
1682767963
42065
1682833500
42153
2135490589
42153
2134638621
42241
2135490589
42241
2134638621
42241
1682833500
42330
2135490589
42330
2134638621
42418
2135490589
42418
2134638621
42418
1682767963
42418
1682833500
42506
2135490589
42506
2134638621
42594
2135490589
42594
2134638621
42594
1682833500
42683
2135490589
42683
2134638621
42771
2135490589
42771
2134638621
42771
1682767963
42771
1682833500
42859
2135490589
42859
2134638621
42947
2135490589
42947
2134638621
42947
1682833500
43035
2135490589
43035
2134638621
43124
2135490589
43124
2134638621
43124
1682767963
43124
1682833500
43212
2135490589
43212
2134638621
43300
2135490589
43300
2134638621
43300
1682833500
43388
2135490589
43388
2134638621
43477
2135490589
43477
2134638621
43477
1682767963
43477
1682833500
43565
2135490589
43565
2134638621
43653
2135490589
43653
2134638621
43653
1682833500
43742
2135490589
43742
2134638621
43830
2135490589
43830
2134638621
43830
1682767963
43830
1682833500
43918
2135490589
43918
2134638621
44006
2135490589
44006
2134638621
44006
1682833500
44095
2135490589
44095
2134638621
44183
2135490589
44183
2134638621
44183
1682767963
44183
1682833500
44271
2135490589
44271
2134638621
44359
2135490589
44359
2134638621
44359
1682833500
44447
2135490589
44447
2134638621
44536
2135490589
44536
2134638621
44536
1682767963
44536
1682833500
44624
2135490589
44624
2134638621
44712
2135490589
44712
2134638621
44712
1682833500
44800
2135490589
44800
2134638621
44889
2135490589
44889
2134638621
44889
1682767963
44889
1682833500
44977
2135490589
44977
2134638621
45065
2135490589
45065
2134638621
45065
1682833500
45154
2135490589
45154
2134638621
45242
2135490589
45242
2134638621
45242
1682767963
45242
1682833500
45330
2135490589
45330
2134638621
45418
2135490589
45418
2134638621
45418
1682833500
45507
2135490589
45507
2134638621
45595
2135490589
45595
2134638621
45595
1682767963
45595
1682964573
45683
2135490589
45683
2134638621
45771
2135490589
45771
2134638621
45859
2135490589
45859
2134638621
45948
2135490589
45948
2134638621
45948
1682767963
45948
1683030076
46037
2135490589
46037
2134638621
46124
2135490589
46124
2134638621
46212
2135490589
46212
2134638621
46301
2135490589
46301
2134638621
46301
1682767963
46301
1682833500
46389
2135490589
46389
2134638621
46477
2135490589
46477
2134638621
46477
1682833500
46566
2135490589
46566
2134638621
46654
2135490589
46654
2134638621
46654
1682767963
46654
1682833500
46741
2135490589
46741
2134638621
46829
2135490589
46829
2134638621
46829
1682833500
46918
2135490589
46918
2134638621
47007
2135490589
47007
2134638621
47007
1682767963
47007
1682833500
47094
2135490589
47094
2134638621
47182
2135490589
47182
2134638621
47182
1682833500
47270
2135490589
47270
2134638621
47359
2135490589
47359
2134638621
47359
1682767963
47359
1682833500
47447
2135490589
47447
2134638621
47535
2135490589
47535
2134638621
47535
1682833500
47623
2135490589
47623
2134638621
47712
2135490589
47712
2134638621
47712
1682767963
47712
1682833500
47800
2135490589
47800
2134638621
47888
2135490589
47888
2134638621
47888
1682833500
47977
2135490589
47977
2134638621
48065
2135490589
48065
2134638621
48065
1682767963
48065
1682833500
48153
2135490589
48153
2134638621
48241
2135490589
48241
2134638621
48241
1682833500
48330
2135490589
48330
2134638621
48418
2135490589
48418
2134638621
48418
1682767963
48418
1682833500
48506
2135490589
48506
2134638621
48594
2135490589
48594
2134638621
48594
1682833500
48682
2135490589
48682
2134638621
48771
2135490589
48771
2134638621
48771
1682767963
48771
1682833500
48859
2135490589
48859
2134638621
48947
2135490589
48947
2134638621
48947
1682833500
49035
2135490589
49035
2134638621
49124
2135490589
49124
2134638621
49124
1682767963
49124
1682833500
49212
2135490589
49212
2134638621
49300
2135490589
49300
2134638621
49300
1682833500
49389
2135490589
49389
2134638621
49477
2135490589
49477
2134638621
49477
1682767963
49477
1682833500
49565
2135490589
49565
2134638621
49653
2135490589
49653
2134638621
49653
1682833500
49742
2135490589
49742
2134638621
49830
2135490589
49830
2134638621
49830
1682767963
49830
1682833500
49918
2135490589
49918
2134638621
50006
2135490589
50006
2134638621
50006
1682833500
50094
2135490589
50094
2134638621
50183
2135490589
50183
2134638621
50183
1682767963
50183
1682964573
50271
2135490589
50271
2134638621
50359
2135490589
50359
2134638621
50447
2135490589
50447
2134638621
50536
2135490589
50536
2134638621
50536
1682767963
50536
1683030076
50624
2135490589
50624
2134638621
50712
2135490589
50712
2134638621
50712
1682767963
50712
1683030076
50801
2135490589
50801
2134638621
50889
2135490589
50889
2134638621
50889
1682767963
50889
1683030076
50977
2135490589
50977
2134638621
51065
2135490589
51065
2134638621
51065
1682767963
51065
1683030076
51154
2135490589
51154
2134638621
51242
2135490589
51242
2134638621
51242
1682767963
51242
1683030076
51330
2135490589
51330
2134638621
51418
2135490589
51418
2134638621
51418
1682767963
51418
1683030076
51506
2135490589
51506
2134638621
51595
2135490589
51595
2134638621
51595
1682767963
51595
1683030076
51683
2135490589
51683
2134638621
51771
2135490589
51771
2134638621
51771
1682767963
51771
1683030076
51859
2135490589
51859
2134638621
51948
2135490589
51948
2134638621
51948
1682767963
51948
1683030076
52036
2135490589
52036
2134638621
52124
2135490589
52124
2134638621
52124
1682767963
52124
1683030076
52212
2135490589
52212
2134638621
52301
2135490589
52301
2134638621
52301
1682767963
52301
1683030076
52389
2135490589
52389
2134638621
52477
2135490589
52477
2134638621
52477
1682767963
52477
1683030076
52565
2135490589
52565
2134638621
52654
2135490589
52654
2134638621
52654
1682767963
52654
1683030076
52742
2135490589
52742
2134638621
52830
2135490589
52830
2134638621
52830
1682767963
52830
1683030076
52918
2135490589
52918
2134638621
53007
2135490589
53007
2134638621
53007
1683030076
57948
2135490589
57948
2134638621
57948
1682767963
57948
1683030076
58311
2135490589
58311
2134638621
58311
1682833500
58675
2135490589
58675
2134638621
58675
1683030076
59039
1682767963
59039
1682833500
59220
1682833500
59402
2135490589
59402
2134638621
59402
1682833500
59584
1682833500
59766
1682767963
59766
1682833500
59947
1682833500
60129
2135490589
60129
2134638621
60129
1682833500
60311
1682833500
60493
1682767963
60493
1682833500
60674
1682833500
60857
2135490589
60857
2134638621
60857
1682833500
61039
1682833500
61220
1682767963
61220
1682833500
61402
1682833500
61584
2135490589
61584
2134638621
61584
1682833500
61766
1682833500
61948
1682767963
61948
1682833500
62129
1682833500
62311
2135490589
62311
2134638621
62311
1682833500
62493
1682833500
62675
1682767963
62675
1682833500
62856
1682833500
63039
2135490589
63039
2134638621
63039
1682833500
63220
1682833500
63402
1682767963
63402
1682833500
63584
1682833500
63766
2135490589
63766
2134638621
63766
1682833500
63948
1682833500
64129
1682767963
64129
1682833500
64311
1682833500
64493
2135490589
64493
2134638621
64493
1682964573
64857
1682767963
64857
1682833500
65038
1682833500
65220
2135490589
65220
2134638621
65220
1682833500
65402
1682833500
65584
1682767963
65584
1682833500
65765
1682833500
65948
2135490589
65948
2134638621
65948
1682833500
66129
1682833500
66311
1682767963
66311
1682833500
66493
1682833500
66675
2135490589
66675
2134638621
66675
1682833500
66857
1682833500
67039
1682767963
67039
1682833500
67220
1682833500
67402
2135490589
67402
2134638621
67402
1682833500
67584
1682833500
67766
1682767963
67766
1682833500
67947
1682833500
68129
2135490589
68129
2134638621
68129
1682833500
68311
1682833500
68493
1682767963
68493
1682833500
68674
1682833500
68857
2135490589
68857
2134638621
68857
1682833500
69039
1682833500
69220
1682767963
69220
1682833500
69402
1682833500
69584
2135490589
69584
2134638621
69584
1682767963
69584
1682964573
69948
2135490589
69948
2134638621
69948
1683030076
70311
2135490589
70311
2134638621
70311
1682833500
70402
2135490589
70402
2134638621
70493
2135490589
70493
2134638621
70584
2135490589
70584
2134638621
70675
2135490589
70675
2134638621
70675
1682767963
70675
1682964573
70766
2135490589
70766
2134638621
70857
2135490589
70857
2134638621
70948
2135490589
70948
2134638621
71039
2135490589
71039
2134638621
71039
1682964573
71129
2135490589
71129
2134638621
71220
2135490589
71220
2134638621
71311
2135490589
71311
2134638621
71402
2135490589
71402
2134638621
71402
1682767963
71402
1682964573
71493
2135490589
71493
2134638621
71584
2135490589
71584
2134638621
71675
2135490589
71675
2134638621
71766
2135490589
71766
2134638621
71766
1682964573
71856
2135490589
71856
2134638621
71947
2135490589
71947
2134638621
72038
2135490589
72038
2134638621
72129
2135490589
72129
2134638621
72129
1682767963
72129
1682964573
72220
2135490589
72220
2134638621
72311
2135490589
72311
2134638621
72402
2135490589
72402
2134638621
72493
2135490589
72493
2134638621
72493
1682964573
72583
2135490589
72583
2134638621
72674
2135490589
72674
2134638621
72766
2135490589
72766
2134638621
72857
2135490589
72857
2134638621
72857
1682767963
72857
1682964573
72948
2135490589
72948
2134638621
73039
2135490589
73039
2134638621
73129
2135490589
73129
2134638621
73220
2135490589
73220
2134638621
73220
1683030076
73311
2135490589
73311
2134638621
73402
2135490589
73402
2134638621
73493
2135490589
73493
2134638621
73584
2135490589
73584
2134638621
73584
1682767963
73584
1682964573
73675
2135490589
73675
2134638621
73766
2135490589
73766
2134638621
73857
2135490589
73857
2134638621
73948
2135490589
73948
2134638621
73948
1682964573
74038
2135490589
74038
2134638621
74129
2135490589
74129
2134638621
74220
2135490589
74220
2134638621
74311
2135490589
74311
2134638621
74311
1682767963
74311
1682964573
74402
2135490589
74402
2134638621
74493
2135490589
74493
2134638621
74584
2135490589
74584
2134638621
74675
2135490589
74675
2134638621
74675
1682964573
74765
2135490589
74765
2134638621
74856
2135490589
74856
2134638621
74947
2135490589
74947
2134638621
75039
2135490589
75039
2134638621
75039
1682767963
75039
1682964573
75129
2135490589
75129
2134638621
75220
2135490589
75220
2134638621
75311
2135490589
75311
2134638621
75402
2135490589
75402
2134638621
75402
1682964573
75493
1682767963
75584
1682767963
75675
1682767963
75766
1682767963
75857
1682767963
75948
1681850426
75948
1682702394
76039
1681850426
76039
1682702394
76129
2135490589
76129
2134638621
76129
1683030076
76493
1682767963
76493
1682833500
76674
1682833500
76857
2135490589
76857
2134638621
76857
1682833500
77039
1682833500
77220
1682767963
77220
1682833500
77402
1682833500
77584
2135490589
77584
2134638621
77584
1682833500
77766
1682833500
77948
1682767963
77948
1682833500
78128
1682833500
78311
2135490589
78311
2134638621
78311
1682833500
78494
1682833500
78675
1682767963
78675
1682833500
78857
1682833500
79039
2135490589
79039
2134638621
79039
1682833500
79220
1682833500
79402
1682767963
79402
1682833500
79584
1682833500
79766
2135490589
79766
2134638621
79766
1682833500
79948
1682833500
80129
1682767963
80129
1682833500
80310
1682833500
80493
2135490589
80493
2134638621
80493
1682833500
80674
1682833500
80857
1682767963
80857
1682833500
81039
1682833500
81220
2135490589
81220
2134638621
81220
1682964573
81584
2135490589
81584
2134638621
81584
1683030076
81948
2135490589
81948
2134638621
81948
1683030076
82111
1682767963
82111
2135556125
82111
2134704157
82274
2135490589
82274
2134638621
82274
2135556125
82274
2134704157
82362
2135490589
82362
2134638621
82450
1682767963
82450
2135556125
82450
2134704157
82627
2135490589
82627
2134638621
82627
2135556125
82627
2134704157
82804
1682767963
82804
2135556125
82804
2134704157
82981
2135490589
82981
2134638621
82981
2135556125
82981
2134704157
83070
2135490589
83070
2134638621
83158
1682767963
83158
2135556125
83158
2134704157
83335
2135490589
83335
2134638621
83335
2135556125
83335
2134704157
83512
1682767963
83512
2135556125
83512
2134704157
83689
2135490589
83689
2134638621
83689
2135556125
83689
2134704157
83777
2135490589
83777
2134638621
83865
1682767963
83865
2135556125
83865
2134704157
84042
2135490589
84042
2134638621
84042
2135556125
84042
2134704157
84219
1682767963
84219
2135556125
84219
2134704157
84396
2135490589
84396
2134638621
84396
2135556125
84396
2134704157
84485
2135490589
84485
2134638621
84573
1682767963
84573
2135556125
84573
2134704157
84750
2135490589
84750
2134638621
84750
1682767963
84750
1683030076
84838
2135490589
84838
2134638621
84927
2135490589
84927
2134638621
85015
2135490589
85015
2134638621
85104
2135490589
85104
2134638621
85104
1682767963
85104
1683030076
85192
2135490589
85192
2134638621
85280
2135490589
85280
2134638621
85369
2135490589
85369
2134638621
85457
2135490589
85457
2134638621
85457
1682767963
85457
1683030076
85545
2135490589
85545
2134638621
85634
2135490589
85634
2134638621
85723
2135490589
85723
2134638621
85811
2135490589
85811
2134638621
85811
1682767963
85811
1683030076
85899
2135490589
85899
2134638621
85988
2135490589
85988
2134638621
86076
2135490589
86076
2134638621
86165
1682767963
86253
1682767963
86342
2135490589
86342
2134638621
86430
2135490589
86430
2134638621
86518
1682767963
86607
1682767963
86695
2135490589
86695
2134638621
86784
2135490589
86784
2134638621
86872
1682767963
86961
1682767963
87049
2135490589
87049
2134638621
87138
2135490589
87138
2134638621
87226
1682767963
87314
1682767963
87403
1682767963
87491
1682767963
87580
2135490589
87580
2134638621
87580
1682964573
87669
2135490589
87669
2134638621
87756
2135490589
87756
2134638621
87756
1682767963
87756
1682833500
87844
2135490589
87844
2134638621
87932
2135490589
87932
2134638621
87932
1682833500
88021
2135490589
88021
2134638621
88109
2135490589
88109
2134638621
88109
1682767963
88109
1682833500
88196
2135490589
88196
2134638621
88284
2135490589
88284
2134638621
88284
1682833500
88373
2135490589
88373
2134638621
88461
2135490589
88461
2134638621
88461
1682767963
88461
1682833500
88549
2135490589
88549
2134638621
88636
2135490589
88636
2134638621
88636
1682833500
88724
2135490589
88724
2134638621
88813
2135490589
88813
2134638621
88813
1682767963
88813
1682833500
88901
2135490589
88901
2134638621
88989
2135490589
88989
2134638621
88989
1682833500
89076
2135490589
89076
2134638621
89165
2135490589
89165
2134638621
89165
1682767963
89165
1682833500
89253
2135490589
89253
2134638621
89341
2135490589
89341
2134638621
89341
1682833500
89430
2135490589
89430
2134638621
89518
2135490589
89518
2134638621
89518
1682767963
89518
1682833500
89605
2135490589
89605
2134638621
89693
2135490589
89693
2134638621
89693
1682833500
89782
2135490589
89782
2134638621
89870
2135490589
89870
2134638621
89870
1682767963
89870
1682833500
89958
2135490589
89958
2134638621
90045
2135490589
90045
2134638621
90045
1682833500
90133
2135490589
90133
2134638621
90222
2135490589
90222
2134638621
90222
1682767963
90222
1682833500
90310
2135490589
90310
2134638621
90398
2135490589
90398
2134638621
90398
1682833500
90485
2135490589
90485
2134638621
90574
2135490589
90574
2134638621
90574
1682767963
90574
1682833500
90662
2135490589
90662
2134638621
90750
2135490589
90750
2134638621
90750
1682833500
90839
2135490589
90839
2134638621
90926
2135490589
90926
2134638621
90926
1682767963
90926
1682833500
91014
2135490589
91014
2134638621
91102
2135490589
91102
2134638621
91102
1682833500
91191
2135490589
91191
2134638621
91279
2135490589
91279
2134638621
91279
1682767963
91279
1682833500
91367
2135490589
91367
2134638621
91454
2135490589
91454
2134638621
91454
1682833500
91542
2135490589
91542
2134638621
91631
2135490589
91631
2134638621
91631
1682767963
91631
1682833500
91719
2135490589
91719
2134638621
91807
2135490589
91807
2134638621
91807
1682833500
91894
2135490589
91894
2134638621
91983
2135490589
91983
2134638621
91983
1682767963
91983
1682833500
92071
2135490589
92071
2134638621
92159
2135490589
92159
2134638621
92159
1682833500
92248
2135490589
92248
2134638621
92335
2135490589
92335
2134638621
92335
1682767963
92335
1682833500
92423
2135490589
92423
2134638621
92511
2135490589
92511
2134638621
92511
1682833500
92600
2135490589
92600
2134638621
92688
2135490589
92688
2134638621
92688
1682767963
92688
1682833500
92775
2135490589
92775
2134638621
92863
2135490589
92863
2134638621
92863
1682767963
92951
2135490589
92951
2134638621
92951
1682767963
93039
2135490589
93039
2134638621
93039
1681850426
93039
1682702394
93127
2135490589
93127
2134638621
93127
1681850426
93127
1682702394
93216
2135490589
93216
2134638621
93216
1682964573
93304
2135490589
93304
2134638621
93392
2135490589
93392
2134638621
93392
1682767963
93392
1682833500
93480
2135490589
93480
2134638621
93568
2135490589
93568
2134638621
93568
1682833500
93657
2135490589
93657
2134638621
93744
2135490589
93744
2134638621
93744
1682767963
93744
1682833500
93832
2135490589
93832
2134638621
93920
2135490589
93920
2134638621
93920
1682833500
94009
2135490589
94009
2134638621
94097
2135490589
94097
2134638621
94097
1682767963
94097
1682833500
94184
2135490589
94184
2134638621
94272
2135490589
94272
2134638621
94272
1682833500
94360
2135490589
94360
2134638621
94449
2135490589
94449
2134638621
94449
1682767963
94449
1682833500
94537
2135490589
94537
2134638621
94624
2135490589
94624
2134638621
94624
1682833500
94712
2135490589
94712
2134638621
94801
2135490589
94801
2134638621
94801
1682767963
94801
1682833500
94889
2135490589
94889
2134638621
94977
2135490589
94977
2134638621
94977
1682833500
95066
2135490589
95066
2134638621
95153
2135490589
95153
2134638621
95153
1682767963
95153
1682833500
95241
2135490589
95241
2134638621
95329
2135490589
95329
2134638621
95329
1682833500
95418
2135490589
95418
2134638621
95506
2135490589
95506
2134638621
95506
1682767963
95506
1682833500
95593
2135490589
95593
2134638621
95681
2135490589
95681
2134638621
95681
1682833500
95769
2135490589
95769
2134638621
95858
2135490589
95858
2134638621
95858
1682767963
95858
1682833500
95946
2135490589
95946
2134638621
96033
2135490589
96033
2134638621
96033
1682767963
96033
1682964573
96121
2135490589
96121
2134638621
96210
2135490589
96210
2134638621
96298
2135490589
96298
2134638621
96386
2135490589
96386
2134638621
96386
1682767963
96386
1683030076
96475
2135490589
96475
2134638621
96562
2135490589
96562
2134638621
96562
1682767963
96562
1683030076
96650
2135490589
96650
2134638621
96738
2135490589
96738
2134638621
96738
1682767963
96738
1683030076
96827
2135490589
96827
2134638621
96915
2135490589
96915
2134638621
97002
2135490589
97002
2134638621
97090
2135490589
97090
2134638621
97090
1682767963
97090
1683030076
97178
2135490589
97178
2134638621
97267
2135490589
97267
2134638621
97355
2135490589
97355
2134638621
97442
2135490589
97442
2134638621
97442
1682767963
97442
1683030076
97530
2135490589
97530
2134638621
97619
2135490589
97619
2134638621
97707
2135490589
97707
2134638621
97795
2135490589
97795
2134638621
97795
1682833500
97883
2135490589
97883
2134638621
97971
2135490589
97971
2134638621
98059
2135490589
98059
2134638621
98147
2135490589
98147
2134638621
98147
1682767963
98184
1682767963
98889
2135490589
98889
2134638621
98889
1682964573
98978
2135490589
98978
2134638621
99066
2135490589
99066
2134638621
99066
1682767963
99066
1682833500
99154
2135490589
99154
2134638621
99242
2135490589
99242
2134638621
99242
1682833500
99331
2135490589
99331
2134638621
99419
2135490589
99419
2134638621
99419
1682767963
99419
1682833500
99507
2135490589
99507
2134638621
99595
2135490589
99595
2134638621
99595
1682833500
99684
2135490589
99684
2134638621
99772
2135490589
99772
2134638621
99772
1682767963
99772
1682833500
99860
2135490589
99860
2134638621
99948
2135490589
99948
2134638621
99948
1682833500
100036
2135490589
100036
2134638621
100125
2135490589
100125
2134638621
100125
1682767963
100125
1682833500
100213
2135490589
100213
2134638621
100301
2135490589
100301
2134638621
100301
1682833500
100389
2135490589
100389
2134638621
100478
2135490589
100478
2134638621
100478
1682767963
100478
1682833500
100565
2135490589
100565
2134638621
100653
2135490589
100653
2134638621
100653
1682833500
100742
2135490589
100742
2134638621
100830
2135490589
100830
2134638621
100830
1682767963
100830
1682833500
100918
2135490589
100918
2134638621
101006
2135490589
101006
2134638621
101006
1682833500
101095
2135490589
101095
2134638621
101183
2135490589
101183
2134638621
101183
1682767963
101183
1682833500
101271
2135490589
101271
2134638621
101359
2135490589
101359
2134638621
101359
1682833500
101447
2135490589
101447
2134638621
101536
2135490589
101536
2134638621
101536
1682767963
101536
1682833500
101624
2135490589
101624
2134638621
101712
2135490589
101712
2134638621
101712
1682833500
101800
2135490589
101800
2134638621
101889
2135490589
101889
2134638621
101889
1682767963
101889
1682833500
101977
2135490589
101977
2134638621
102065
2135490589
102065
2134638621
102065
1682833500
102154
2135490589
102154
2134638621
102242
2135490589
102242
2134638621
102242
1682767963
102242
1682833500
102330
2135490589
102330
2134638621
102418
2135490589
102418
2134638621
102418
1682833500
102507
2135490589
102507
2134638621
102595
2135490589
102595
2134638621
102595
1682767963
102595
1682833500
102683
2135490589
102683
2134638621
102771
2135490589
102771
2134638621
102771
1682833500
102859
2135490589
102859
2134638621
102948
2135490589
102948
2134638621
102948
1682767963
102948
1682833500
103036
2135490589
103036
2134638621
103124
2135490589
103124
2134638621
103124
1682833500
103212
2135490589
103212
2134638621
103301
2135490589
103301
2134638621
103301
1682767963
103301
1682833500
103389
2135490589
103389
2134638621
103477
2135490589
103477
2134638621
103477
1682833500
103566
2135490589
103566
2134638621
103654
2135490589
103654
2134638621
103654
1682767963
103654
1682833500
103742
2135490589
103742
2134638621
103830
2135490589
103830
2134638621
103830
1682833500
103919
2135490589
103919
2134638621
104007
2135490589
104007
2134638621
104007
1682767963
104007
1682833500
104095
2135490589
104095
2134638621
104183
2135490589
104183
2134638621
104183
1682767963
104271
2135490589
104271
2134638621
104271
1682767963
104359
2135490589
104359
2134638621
104359
1681850426
104359
1682702394
104448
2135490589
104448
2134638621
104448
1681850426
104448
1682702394
104536
2135490589
104536
2134638621
104536
1683030076
104624
2135490589
104624
2134638621
104713
2135490589
104713
2134638621
104713
1682767963
104713
1682964573
104801
2135490589
104801
2134638621
104889
2135490589
104889
2134638621
104889
1682964573
104978
2135490589
104978
2134638621
105066
2135490589
105066
2134638621
105066
1682767963
105066
1682964573
105154
2135490589
105154
2134638621
105242
2135490589
105242
2134638621
105242
1682964573
105331
2135490589
105331
2134638621
105419
2135490589
105419
2134638621
105419
1682767963
105419
1682964573
105507
2135490589
105507
2134638621
105595
2135490589
105595
2134638621
105595
1682964573
105684
2135490589
105684
2134638621
105772
2135490589
105772
2134638621
105772
1682767963
105772
1682964573
105860
2135490589
105860
2134638621
105948
2135490589
105948
2134638621
105948
1682964573
106037
2135490589
106037
2134638621
106125
2135490589
106125
2134638621
106125
1682767963
106125
1682964573
106213
2135490589
106213
2134638621
106301
2135490589
106301
2134638621
106301
1682964573
106390
2135490589
106390
2134638621
106478
2135490589
106478
2134638621
106478
1682767963
106478
1682964573
106565
2135490589
106565
2134638621
106653
2135490589
106653
2134638621
106653
1682964573
106742
2135490589
106742
2134638621
106830
2135490589
106830
2134638621
106830
1682767963
106830
1682964573
106918
2135490589
106918
2134638621
107006
2135490589
107006
2134638621
107006
1682964573
107095
2135490589
107095
2134638621
107183
2135490589
107183
2134638621
107183
1682767963
107183
1682964573
107271
2135490589
107271
2134638621
107359
2135490589
107359
2134638621
107359
1682964573
107448
2135490589
107448
2134638621
107536
2135490589
107536
2134638621
107536
1682767963
107536
1682964573
107624
2135490589
107624
2134638621
107712
2135490589
107712
2134638621
107712
1682964573
107801
2135490589
107801
2134638621
107889
2135490589
107889
2134638621
107889
1682767963
107889
1682964573
107977
2135490589
107977
2134638621
108065
2135490589
108065
2134638621
108065
1682964573
108154
2135490589
108154
2134638621
108242
2135490589
108242
2134638621
108242
1682767963
108242
1682964573
108330
2135490589
108330
2134638621
108418
2135490589
108418
2134638621
108418
1682964573
108507
2135490589
108507
2134638621
108595
2135490589
108595
2134638621
108595
1682767963
108595
1682964573
108683
2135490589
108683
2134638621
108771
2135490589
108771
2134638621
108771
1683030076
108947
1682767963
109124
2135490589
109124
2134638621
109124
1683030076
109300
1682767963
109477
2135490589
109477
2134638621
109477
1683030076
109653
1682767963
109830
1682767963
110006
1682767963
110183
2135490589
110183
2134638621
110183
1682964573
110547
1682767963
110547
1682833500
110728
1682833500
110910
2135490589
110910
2134638621
110910
1682833500
111092
1682833500
111274
1682767963
111274
1682833500
111455
1682833500
111637
2135490589
111637
2134638621
111637
1682833500
111820
1682833500
112001
1682767963
112001
1682833500
112182
1682833500
112365
2135490589
112365
2134638621
112365
1682833500
112547
1682833500
112728
1682767963
112728
1682833500
112910
1682833500
113092
2135490589
113092
2134638621
113092
1682833500
113273
1682833500
113456
1682767963
113456
1682833500
113637
1682833500
113819
2135490589
113819
2134638621
113819
1682833500
114001
1682833500
114183
1682767963
114183
1682833500
114363
1682833500
114547
2135490589
114547
2134638621
114547
1682833500
114728
1682833500
114910
1682767963
114910
1682833500
115091
1682833500
115274
2135490589
115274
2134638621
115274
1682833500
115456
1682833500
115637
1682767963
115637
1682833500
115819
1682833500
116001
2135490589
116001
2134638621
116001
1682964573
116365
1682767963
116365
1682833500
116546
1682833500
116728
2135490589
116728
2134638621
116728
1682833500
116911
1682833500
117092
1682767963
117092
1682833500
117273
1682833500
117456
2135490589
117456
2134638621
117456
1682833500
117637
1682833500
117819
1682767963
117819
1682833500
118002
1682833500
118183
2135490589
118183
2134638621
118183
1682833500
118365
1682833500
118547
1682767963
118547
1682833500
118728
1682833500
118910
2135490589
118910
2134638621
118910
1682833500
119091
1682833500
119274
1682767963
119274
1682833500
119455
1682833500
119637
2135490589
119637
2134638621
119637
1682833500
119819
1682833500
120001
1682767963
120001
1682833500
120181
1682833500
120365
2135490589
120365
2134638621
120365
1682833500
120547
1682833500
120728
1682767963
120728
1682833500
120910
1682833500
121092
2135490589
121092
2134638621
121092
1682767963
121092
1682964573
121456
2135490589
121456
2134638621
121456
1682767963
121456
1683030076
121819
2135490589
121819
2134638621
121819
1682833500
121910
2135490589
121910
2134638621
122001
2135490589
122001
2134638621
122092
2135490589
122092
2134638621
122183
2135490589
122183
2134638621
122183
1682767963
122183
1682964573
122275
2135490589
122275
2134638621
122365
2135490589
122365
2134638621
122456
2135490589
122456
2134638621
122547
2135490589
122547
2134638621
122547
1682964573
122637
2135490589
122637
2134638621
122728
2135490589
122728
2134638621
122819
2135490589
122819
2134638621
122910
2135490589
122910
2134638621
122910
1682767963
122910
1682964573
123002
2135490589
123002
2134638621
123092
2135490589
123092
2134638621
123183
2135490589
123183
2134638621
123274
2135490589
123274
2134638621
123274
1682964573
123364
2135490589
123364
2134638621
123455
2135490589
123455
2134638621
123547
2135490589
123547
2134638621
123637
2135490589
123637
2134638621
123637
1682767963
123637
1682964573
123728
2135490589
123728
2134638621
123820
2135490589
123820
2134638621
123910
2135490589
123910
2134638621
124001
2135490589
124001
2134638621
124001
1682964573
124091
2135490589
124091
2134638621
124182
2135490589
124182
2134638621
124274
2135490589
124274
2134638621
124365
2135490589
124365
2134638621
124365
1682767963
124365
1682964573
124456
2135490589
124456
2134638621
124547
2135490589
124547
2134638621
124638
2135490589
124638
2134638621
124728
2135490589
124728
2134638621
124728
1682833500
124819
2135490589
124819
2134638621
124911
2135490589
124911
2134638621
125001
2135490589
125001
2134638621
125092
2135490589
125092
2134638621
125092
1682767963
125092
1682964573
125183
2135490589
125183
2134638621
125273
2135490589
125273
2134638621
125365
2135490589
125365
2134638621
125456
2135490589
125456
2134638621
125456
1682964573
125545
2135490589
125545
2134638621
125637
2135490589
125637
2134638621
125728
2135490589
125728
2134638621
125819
2135490589
125819
2134638621
125819
1682767963
125819
1682964573
125910
2135490589
125910
2134638621
126001
2135490589
126001
2134638621
126092
2135490589
126092
2134638621
126183
2135490589
126183
2134638621
126183
1682964573
126272
2135490589
126272
2134638621
126363
2135490589
126363
2134638621
126455
2135490589
126455
2134638621
126547
2135490589
126547
2134638621
126547
1682767963
126547
1682964573
126636
2135490589
126636
2134638621
126728
2135490589
126728
2134638621
126818
2135490589
126818
2134638621
126910
2135490589
126910
2134638621
126910
1682964573
127001
1682767963
127091
1682767963
127182
1682767963
127274
1682767963
127364
1682767963
127456
1682636859
127456
1681784891
127547
1682636859
127547
1681784891
127637
2135490589
127637
2134638621
127637
1683030076
128001
1682767963
128001
1682833500
128182
1682833500
128365
2135490589
128365
2134638621
128365
1682833500
128547
1682833500
128728
1682767963
128728
1682833500
128911
1682833500
129092
2135490589
129092
2134638621
129092
1682833500
129274
1682833500
129456
1682767963
129456
1682833500
129636
1682833500
129819
2135490589
129819
2134638621
129819
1682833500
130003
1682833500
130183
1682767963
130183
1682833500
130365
1682833500
130547
2135490589
130547
2134638621
130547
1682833500
130728
1682833500
130910
1682767963
130910
1682833500
131092
1682833500
131274
2135490589
131274
2134638621
131274
1682833500
131456
1682833500
131637
1682767963
131637
1682833500
131818
1682833500
132001
2135490589
132001
2134638621
132001
1682833500
132181
1682833500
132365
1682767963
132365
1682833500
132547
2135490589
132547
2134638621
132728
1682767963
132728
1682964573
133092
2135490589
133092
2134638621
133092
1682767963
133092
1683030076
133426
2135490589
133426
2134638621
133426
1683030076
133602
1682767963
133602
2135556125
133602
2134704157
133779
2135490589
133779
2134638621
133779
2135556125
133779
2134704157
133867
2135490589
133867
2134638621
133955
1682767963
133955
2135556125
133955
2134704157
134131
2135490589
134131
2134638621
134131
2135556125
134131
2134704157
134308
1682767963
134308
2135556125
134308
2134704157
134484
2135490589
134484
2134638621
134484
2135556125
134484
2134704157
134573
2135490589
134573
2134638621
134661
1682767963
134661
2135556125
134661
2134704157
134837
2135490589
134837
2134638621
134837
2135556125
134837
2134704157
135014
1682767963
135014
2135556125
135014
2134704157
135190
2135490589
135190
2134638621
135190
2135556125
135190
2134704157
135278
2135490589
135278
2134638621
135366
1682767963
135366
2135556125
135366
2134704157
135543
2135490589
135543
2134638621
135543
2135556125
135543
2134704157
135720
1682767963
135720
2135556125
135720
2134704157
135896
2135490589
135896
2134638621
135896
2135556125
135896
2134704157
135985
2135490589
135985
2134638621
136073
1682767963
136073
2135556125
136073
2134704157
136249
2135490589
136249
2134638621
136249
1682767963
136249
1683030076
136337
2135490589
136337
2134638621
136426
2135490589
136426
2134638621
136513
2135490589
136513
2134638621
136602
2135490589
136602
2134638621
136602
1682767963
136602
1683030076
136690
2135490589
136690
2134638621
136778
2135490589
136778
2134638621
136867
2135490589
136867
2134638621
136955
2135490589
136955
2134638621
136955
1682767963
136955
1683030076
137043
2135490589
137043
2134638621
137132
2135490589
137132
2134638621
137220
2135490589
137220
2134638621
137308
2135490589
137308
2134638621
137308
1682767963
137308
1683030076
137396
2135490589
137396
2134638621
137484
2135490589
137484
2134638621
137572
2135490589
137572
2134638621
137661
2135490589
137661
2134638621
137661
1682767963
137688
1682767963
138014
2135490589
138014
2134638621
138014
1683030076
138367
2135490589
138367
2134638621
138367
1682833500
138720
1682636859
138720
1681784891
138720
2135556125
138720
2134704157
139073
2135490589
139073
2134638621
139073
1682964573
139162
2135490589
139162
2134638621
139249
2135490589
139249
2134638621
139249
1682767963
139249
1682833500
139337
2135490589
139337
2134638621
139426
2135490589
139426
2134638621
139426
1682833500
139515
2135490589
139515
2134638621
139603
2135490589
139603
2134638621
139603
1682767963
139603
1682833500
139690
2135490589
139690
2134638621
139779
2135490589
139779
2134638621
139779
1682833500
139868
2135490589
139868
2134638621
139956
2135490589
139956
2134638621
139956
1682767963
139956
1682833500
140044
2135490589
140044
2134638621
140131
2135490589
140131
2134638621
140131
1682833500
140219
2135490589
140219
2134638621
140308
2135490589
140308
2134638621
140308
1682767963
140308
1682833500
140396
2135490589
140396
2134638621
140484
2135490589
140484
2134638621
140484
1682833500
140572
2135490589
140572
2134638621
140661
2135490589
140661
2134638621
140661
1682767963
140661
1682833500
140749
2135490589
140749
2134638621
140837
2135490589
140837
2134638621
140837
1682833500
140927
2135490589
140927
2134638621
141015
2135490589
141015
2134638621
141015
1682767963
141015
1682833500
141102
2135490589
141102
2134638621
141190
2135490589
141190
2134638621
141190
1682833500
141280
2135490589
141280
2134638621
141368
2135490589
141368
2134638621
141368
1682767963
141368
1682833500
141456
2135490589
141456
2134638621
141543
2135490589
141543
2134638621
141543
1682833500
141631
2135490589
141631
2134638621
141720
2135490589
141720
2134638621
141720
1682767963
141720
1682833500
141808
2135490589
141808
2134638621
141896
2135490589
141896
2134638621
141896
1682833500
141983
2135490589
141983
2134638621
142073
2135490589
142073
2134638621
142073
1682767963
142073
1682833500
142161
2135490589
142161
2134638621
142249
2135490589
142249
2134638621
142249
1682833500
142338
2135490589
142338
2134638621
142426
2135490589
142426
2134638621
142426
1682767963
142426
1682833500
142514
2135490589
142514
2134638621
142602
2135490589
142602
2134638621
142602
1682833500
142691
2135490589
142691
2134638621
142780
2135490589
142780
2134638621
142780
1682767963
142780
1682833500
142868
2135490589
142868
2134638621
142955
2135490589
142955
2134638621
142955
1682833500
143043
2135490589
143043
2134638621
143132
2135490589
143132
2134638621
143132
1682767963
143132
1682833500
143220
2135490589
143220
2134638621
143308
2135490589
143308
2134638621
143308
1682833500
143395
2135490589
143395
2134638621
143484
2135490589
143484
2134638621
143484
1682767963
143484
1682833500
143573
2135490589
143573
2134638621
143661
2135490589
143661
2134638621
143661
1682833500
143750
2135490589
143750
2134638621
143837
2135490589
143837
2134638621
143837
1682767963
143837
1682833500
143926
2135490589
143926
2134638621
144014
2135490589
144014
2134638621
144014
1682833500
144103
2135490589
144103
2134638621
144191
2135490589
144191
2134638621
144191
1682767963
144191
1682833500
144279
2135490589
144279
2134638621
144367
2135490589
144367
2134638621
144367
1682767963
144455
2135490589
144455
2134638621
144455
1682767963
144543
2135490589
144543
2134638621
144543
1681850426
144543
1682702394
144631
2135490589
144631
2134638621
144631
1681850426
144631
1682702394
144720
2135490589
144720
2134638621
144720
1682964573
144808
2135490589
144808
2134638621
144896
2135490589
144896
2134638621
144896
1682767963
144896
1682833500
144984
2135490589
144984
2134638621
145073
2135490589
145073
2134638621
145073
1682833500
145162
2135490589
145162
2134638621
145249
2135490589
145249
2134638621
145249
1682767963
145249
1682833500
145337
2135490589
145337
2134638621
145426
2135490589
145426
2134638621
145426
1682833500
145515
2135490589
145515
2134638621
145603
2135490589
145603
2134638621
145603
1682767963
145603
1682833500
145690
2135490589
145690
2134638621
145779
2135490589
145779
2134638621
145779
1682833500
145867
2135490589
145867
2134638621
145956
2135490589
145956
2134638621
145956
1682767963
145956
1682833500
146044
2135490589
146044
2134638621
146131
2135490589
146131
2134638621
146131
1682833500
146219
2135490589
146219
2134638621
146308
2135490589
146308
2134638621
146308
1682767963
146308
1682833500
146396
2135490589
146396
2134638621
146484
2135490589
146484
2134638621
146484
1682833500
146574
2135490589
146574
2134638621
146661
2135490589
146661
2134638621
146661
1682767963
146661
1682833500
146749
2135490589
146749
2134638621
146837
2135490589
146837
2134638621
146837
1682833500
146927
2135490589
146927
2134638621
147015
2135490589
147015
2134638621
147015
1682767963
147015
1682833500
147102
2135490589
147102
2134638621
147190
2135490589
147190
2134638621
147190
1682833500
147279
2135490589
147279
2134638621
147368
2135490589
147368
2134638621
147368
1682767963
147368
1682833500
147456
2135490589
147456
2134638621
147543
2135490589
147543
2134638621
147543
1682767963
147543
1682964573
147631
2135490589
147631
2134638621
147720
2135490589
147720
2134638621
147808
2135490589
147808
2134638621
147896
2135490589
147896
2134638621
147896
1682767963
147896
1683030076
147985
2135490589
147985
2134638621
148073
2135490589
148073
2134638621
148073
1682767963
148073
1683030076
148161
2135490589
148161
2134638621
148249
2135490589
148249
2134638621
148249
1682767963
148249
1683030076
148338
2135490589
148338
2134638621
148427
2135490589
148427
2134638621
148514
2135490589
148514
2134638621
148602
2135490589
148602
2134638621
148602
1682767963
148602
1683030076
148690
2135490589
148690
2134638621
148780
2135490589
148780
2134638621
148868
2135490589
148868
2134638621
148955
2135490589
148955
2134638621
148955
1682767963
148955
1683030076
149043
2135490589
149043
2134638621
149132
2135490589
149132
2134638621
149220
2135490589
149220
2134638621
149308
2135490589
149308
2134638621
149308
1682833500
149396
2135490589
149396
2134638621
149484
2135490589
149484
2134638621
149573
2135490589
149573
2134638621
149661
2135490589
149661
2134638621
149661
1682767963
149696
1682767963
150367
2135490589
150367
2134638621
150367
1683030076
153190
2135490589
153190
2134638621
153190
1683030076
154602
2135490589
154602
2134638621
154602
1683030076
155308
2135490589
155308
2134638621
155308
1682833500
156014
2135490589
156014
2134638621
156014
1683030076
158484
2135490589
158484
2134638621
158484
1682833500
158837
2135490589
158837
2134638621
158837
1683030076
161308
2135490589
161308
2134638621
161308
1682833500
161484
2135490589
161484
2134638621
161484
1682833500
161661
2135490589
161661
2134638621
161661
1683030076
164484
2135490589
164484
2134638621
164484
1683030076
165896
2135490589
165896
2134638621
165896
1682833500
166602
2135490589
166602
2134638621
166602
1683030076
166955
1682767963
166995
1682767963
167308
2135490589
167308
2134638621
167308
1682833500
167396
2135490589
167396
2134638621
167484
2135490589
167484
2134638621
167573
2135490589
167573
2134638621
167661
2135490589
167661
2134638621
167661
1682767963
167661
1683030076
167749
2135490589
167749
2134638621
167837
2135490589
167837
2134638621
167926
2135490589
167926
2134638621
168014
2135490589
168014
2134638621
168014
1682964573
168102
2135490589
168102
2134638621
168190
2135490589
168190
2134638621
168279
2135490589
168279
2134638621
168367
2135490589
168367
2134638621
168367
1682767963
168367
1682964573
168455
2135490589
168455
2134638621
168543
2135490589
168543
2134638621
168631
2135490589
168631
2134638621
168720
2135490589
168720
2134638621
168720
1682964573
168808
2135490589
168808
2134638621
168896
2135490589
168896
2134638621
168984
2135490589
168984
2134638621
169073
2135490589
169073
2134638621
169073
1682767963
169073
1682964573
169161
2135490589
169161
2134638621
169249
2135490589
169249
2134638621
169337
2135490589
169337
2134638621
169426
2135490589
169426
2134638621
169426
1682964573
169514
2135490589
169514
2134638621
169602
2135490589
169602
2134638621
169690
2135490589
169690
2134638621
169779
2135490589
169779
2134638621
169779
1682767963
169779
1682964573
169867
2135490589
169867
2134638621
169954
2135490589
169954
2134638621
170042
2135490589
170042
2134638621
170131
2135490589
170131
2134638621
170131
1682964573
170219
2135490589
170219
2134638621
170307
2135490589
170307
2134638621
170395
2135490589
170395
2134638621
170484
2135490589
170484
2134638621
170484
1682767963
170484
1682964573
170572
2135490589
170572
2134638621
170660
2135490589
170660
2134638621
170748
2135490589
170748
2134638621
170837
2135490589
170837
2134638621
170837
1682964573
170925
2135490589
170925
2134638621
171013
2135490589
171013
2134638621
171101
2135490589
171101
2134638621
171190
2135490589
171190
2134638621
171190
1682767963
171190
1682964573
171278
2135490589
171278
2134638621
171366
2135490589
171366
2134638621
171454
2135490589
171454
2134638621
171543
2135490589
171543
2134638621
171543
1682964573
171631
2135490589
171631
2134638621
171719
2135490589
171719
2134638621
171807
2135490589
171807
2134638621
171896
2135490589
171896
2134638621
171896
1682767963
171896
1682964573
171984
2135490589
171984
2134638621
172072
2135490589
172072
2134638621
172160
2135490589
172160
2134638621
172249
2135490589
172249
2134638621
172249
1682964573
172426
1682767963
172514
1682767963
172602
1682767963
172690
1682767963
172779
1681850426
172779
1682702394
172867
1681850426
172867
1682702394
172955
2135490589
172955
2134638621
172955
1683030076
173043
2135490589
173043
2134638621
173131
2135490589
173131
2134638621
173220
2135490589
173220
2134638621
173308
2135490589
173308
2134638621
173308
1682767963
173308
1683030076
173396
2135490589
173396
2134638621
173484
2135490589
173484
2134638621
173573
2135490589
173573
2134638621
173661
2135490589
173661
2134638621
173661
1682833500
173749
2135490589
173749
2134638621
173837
2135490589
173837
2134638621
173837
1682833500
173926
2135490589
173926
2134638621
174014
2135490589
174014
2134638621
174014
1682767963
174014
1682833500
174102
2135490589
174102
2134638621
174190
2135490589
174190
2134638621
174190
1682833500
174279
2135490589
174279
2134638621
174367
2135490589
174367
2134638621
174367
1682833500
174455
2135490589
174455
2134638621
174543
2135490589
174543
2134638621
174543
1682833500
174631
2135490589
174631
2134638621
174720
2135490589
174720
2134638621
174720
1682767963
174720
1682833500
174808
2135490589
174808
2134638621
174896
2135490589
174896
2134638621
174896
1682833500
174985
2135490589
174985
2134638621
175073
2135490589
175073
2134638621
175073
1682833500
175161
2135490589
175161
2134638621
175249
2135490589
175249
2134638621
175249
1682833500
175337
2135490589
175337
2134638621
175426
2135490589
175426
2134638621
175426
1682767963
175426
1682833500
175514
2135490589
175514
2134638621
175602
2135490589
175602
2134638621
175602
1682833500
175691
2135490589
175691
2134638621
175779
2135490589
175779
2134638621
175779
1682964573
175866
2135490589
175866
2134638621
175954
2135490589
175954
2134638621
176042
2135490589
176042
2134638621
176131
2135490589
176131
2134638621
176131
1682767963
176131
1682833500
176219
2135490589
176219
2134638621
176307
2135490589
176307
2134638621
176307
1682833500
176396
2135490589
176396
2134638621
176484
2135490589
176484
2134638621
176484
1682833500
176572
2135490589
176572
2134638621
176660
2135490589
176660
2134638621
176660
1682833500
176748
2135490589
176748
2134638621
176837
2135490589
176837
2134638621
176837
1682767963
176837
1682833500
176925
2135490589
176925
2134638621
177013
2135490589
177013
2134638621
177013
1682833500
177102
2135490589
177102
2134638621
177190
2135490589
177190
2134638621
177190
1682767963
177190
1682833500
177278
2135490589
177278
2134638621
177366
2135490589
177366
2134638621
177366
1682833500
177454
2135490589
177454
2134638621
177543
2135490589
177543
2134638621
177543
1682767963
177543
1682833500
177631
2135490589
177631
2134638621
177719
2135490589
177719
2134638621
177719
1682833500
177808
2135490589
177808
2134638621
177896
2135490589
177896
2134638621
177896
1682767963
177896
1682833500
177984
2135490589
177984
2134638621
178072
2135490589
178072
2134638621
178072
1682833500
178160
2135490589
178160
2134638621
178249
2135490589
178249
2134638621
178249
1682767963
178337
2135490589
178337
2134638621
178337
1682767963
178426
2135490589
178426
2134638621
178426
1682767963
178514
2135490589
178514
2134638621
178514
1682767963
178602
2135490589
178602
2134638621
178602
1682833500
180014
2135490589
180014
2134638621
180014
1682767963
180014
1682964573
181426
2135490589
181426
2134638621
181426
1682833500
182837
2135490589
182837
2134638621
182837
1682767963
182837
1682964573
183543
2135490589
183543
2134638621
183543
1683030076
184249
2135490589
184249
2134638621
184249
1682833500
185661
2135490589
185661
2134638621
185661
1682767963
185661
1682964573
187073
2135490589
187073
2134638621
187073
1682833500
188484
2135490589
188484
2134638621
188484
1682767963
188484
1682964573
188837
1682833500
189014
1682833500
189190
1682833500
189896
2135490589
189896
2134638621
189896
1682833500
190249
1682833500
190426
1682833500
190602
1682833500
191308
2135490589
191308
2134638621
191308
1682833500
191661
1682833500
191838
1682833500
192014
1682833500
192720
2135490589
192720
2134638621
192720
1682833500
193073
1682833500
193250
1682833500
193426
1682833500
193779
1682636859
193779
1681784891
193955
2135556125
193955
2134704157
194131
2135490589
194131
2134638621
194131
1683030076
194484
1682964573
194837
1682964573
195896
1682964573
196249
1682964573
197308
1682964573
197661
1682964573
198720
1682964573
199073
1682964573
200131
1682964573
200484
1682964573
201543
1682964573
201896
1682964573
202955
1682964573
203308
1682964573
204367
1682964573
204720
1682964573
205073
1682833500
205249
1682833500
205426
1683030076
205778
1682964573
206131
1682964573
207190
1682964573
207543
1682964573
208602
1682964573
208955
1682964573
210014
1682964573
210367
1682964573
210543
1682833500
210720
1682964573
210896
1682833500
211073
1683030076
211426
1682964573
211778
1682964573
212837
1682964573
213190
1682964573
214249
1682964573
214602
1682964573
215661
1681850426
215661
1682702394
216014
1682636859
216014
1681784891
216190
1682636859
216190
1681784891
216367
2135556125
216367
2134704157
216543
2135556125
216543
2134704157
216720
2135490589
216720
2134638621
216720
1683030076
217426
2135490589
217426
2134638621
217426
1682636859
217426
1681784891
217426
2135556125
217426
2134704157
218131
2135490589
218131
2134638621
218131
2135556125
218131
2134704157
218308
2135556125
218308
2134704157
218484
2135556125
218484
2134704157
218837
2135490589
218837
2134638621
218837
1682636859
218837
1681784891
218837
2135556125
218837
2134704157
219190
2135556125
219190
2134704157
219367
2135556125
219367
2134704157
219543
2135490589
219543
2134638621
219543
2135556125
219543
2134704157
219896
2135556125
219896
2134704157
220249
2135490589
220249
2134638621
220249
1682636859
220249
1681784891
220249
2135556125
220249
2134704157
220602
2135556125
220602
2134704157
220955
2135490589
220955
2134638621
220955
2135556125
220955
2134704157
221131
2135556125
221131
2134704157
221308
2135556125
221308
2134704157
221661
2135490589
221661
2134638621
221661
1682636859
221661
1681784891
221661
2135556125
221661
2134704157
222014
1682636859
222014
1681784891
222014
2135556125
222014
2134704157
222367
2135490589
222367
2134638621
222367
1683030076
222720
2135556125
222720
2134704157
223073
2135490589
223073
2134638621
223073
1682636859
223073
1681784891
223073
2135556125
223073
2134704157
223426
2135556125
223426
2134704157
223778
2135490589
223778
2134638621
223778
2135556125
223778
2134704157
223955
2135556125
223955
2134704157
224131
2135556125
224131
2134704157
224484
2135490589
224484
2134638621
224484
1682636859
224484
1681784891
224484
2135556125
224484
2134704157
224837
2135556125
224837
2134704157
225014
2135556125
225014
2134704157
225190
2135490589
225190
2134638621
225190
2135556125
225190
2134704157
225896
2135490589
225896
2134638621
225896
1682636859
225896
1681784891
225896
2135556125
225896
2134704157
226249
2135556125
226249
2134704157
226602
2135490589
226602
2134638621
226602
2135556125
226602
2134704157
226778
2135556125
226778
2134704157
226955
2135556125
226955
2134704157
227308
2135490589
227308
2134638621
227308
1682636859
227308
1681784891
227308
2135556125
227308
2134704157
227661
1682636859
227661
1681784891
227661
2135556125
227661
2134704157
228014
2135490589
228014
2134638621
228014
1683030076
228720
2135490589
228720
2134638621
228720
1682636859
228720
1681784891
228720
2135556125
228720
2134704157
229426
2135490589
229426
2134638621
229778
2135556125
229778
2134704157
230131
2135490589
230131
2134638621
230131
1682636859
230131
1681784891
230131
2135556125
230131
2134704157
230484
2135556125
230484
2134704157
230661
2135556125
230661
2134704157
230749
2135556125
230749
2134704157
230837
2135490589
230837
2134638621
230837
2135556125
230837
2134704157
231543
2135490589
231543
2134638621
231543
1682636859
231543
1681784891
231543
2135556125
231543
2134704157
231896
2135556125
231896
2134704157
232249
2135490589
232249
2134638621
232249
2135556125
232249
2134704157
232425
2135556125
232425
2134704157
232602
2135556125
232602
2134704157
232955
2135490589
232955
2134638621
232955
1682636859
232955
1681784891
232955
2135556125
232955
2134704157
233308
2135490589
233308
2134638621
233308
1682636859
233308
1681784891
233308
2135556125
233308
2134704157
233661
2135490589
233661
2134638621
233661
1683030076
234367
2135490589
234367
2134638621
234367
1682636859
234367
1681784891
234367
2135556125
234367
2134704157
234720
2135556125
234720
2134704157
235073
2135490589
235073
2134638621
235073
2135556125
235073
2134704157
235250
2135556125
235250
2134704157
235426
2135556125
235426
2134704157
235778
2135490589
235778
2134638621
235778
1682636859
235778
1681784891
235778
2135556125
235778
2134704157
236131
2135556125
236131
2134704157
236308
2135556125
236308
2134704157
236484
2135490589
236484
2134638621
236484
1683030076
237190
2135490589
237190
2134638621
237190
1682636859
237190
1681784891
237190
2135556125
237190
2134704157
237543
2135556125
237543
2134704157
237896
2135490589
237896
2134638621
237896
2135556125
237896
2134704157
238249
1681850426
238249
1682702394
238426
1682767963
238514
1682767963
238602
1682767963
238778
1681850426
238778
1682702394
238955
1682636859
238955
1681784891
239308
2135490589
239308
2134638621
239308
1683030076
239661
1682964573
240014
1682767963
240014
1682964573
240367
2135490589
240367
2134638621
240367
1682964573
240720
1682964573
241073
2135490589
241073
2134638621
241073
1682964573
241426
1682767963
241426
1682964573
241778
1682964573
242131
2135490589
242131
2134638621
242131
1682964573
242484
1682964573
242837
1682767963
242837
1682964573
243190
2135490589
243190
2134638621
243190
1682964573
243543
1682964573
243896
2135490589
243896
2134638621
243896
1682964573
244249
1682767963
244249
1683030076
244602
2135490589
244602
2134638621
244602
1683030076
244955
2135490589
244955
2134638621
244955
1682833500
245308
1682964573
245661
1682767963
245661
1682964573
246014
2135490589
246014
2134638621
246014
1682964573
246367
1682964573
246720
2135490589
246720
2134638621
246720
1682964573
247073
1682767963
247073
1682964573
247426
1682964573
247778
2135490589
247778
2134638621
247778
1682964573
248131
1682964573
248484
1682767963
248484
1682964573
248837
2135490589
248837
2134638621
248837
1682964573
249190
1682964573
249543
2135490589
249543
2134638621
249543
1682964573
249896
1682767963
249896
1682964573
250073
1682767963
250249
2135490589
250249
2134638621
250249
1683030076
250602
2135490589
250602
2134638621
250602
1682833500
250955
1682964573
251308
1682767963
251308
1682964573
251661
2135490589
251661
2134638621
251661
1682964573
252014
1682964573
252367
2135490589
252367
2134638621
252367
1682964573
252720
1682767963
252720
1682964573
253073
2135490589
253073
2134638621
253073
1682964573
253426
2135490589
253426
2134638621
253426
1682964573
253778
1682964573
254131
1682767963
254131
1682964573
254484
2135490589
254484
2134638621
254484
1682964573
254837
1682964573
255190
2135490589
255190
2134638621
255190
1682964573
255543
1682767963
255543
1683030076
255896
2135490589
255896
2134638621
255896
1683030076
256249
2135490589
256249
2134638621
256249
1682833500
256602
1682964573
256955
1682767963
256955
1682964573
257308
2135490589
257308
2134638621
257308
1683030076
257661
1682964573
258014
2135490589
258014
2134638621
258014
1682964573
258367
1682767963
258367
1683030076
258720
1682964573
259073
2135490589
259073
2134638621
259073
1683030076
259426
1682964573
259778
1682767963
259778
1682964573
259955
1682767963
260131
2135490589
260131
2134638621
260131
1683030076
260484
1682964573
260661
1682767963
260837
2135490589
260837
2134638621
260837
1682964573
261014
1682767963
261190
1682767963
261367
1682767963
261543
1682767963
261720
1682767963
261896
2135490589
261896
2134638621
261896
1683030076
262073
1682767963
262073
2135556125
262073
2134704157
262249
2135490589
262249
2134638621
262249
2135556125
262249
2134704157
262337
2135490589
262337
2134638621
262425
1682767963
262425
2135556125
262425
2134704157
262602
2135490589
262602
2134638621
262602
2135556125
262602
2134704157
262778
1682767963
262778
2135556125
262778
2134704157
262955
2135490589
262955
2134638621
262955
2135556125
262955
2134704157
263044
2135490589
263044
2134638621
263131
1682767963
263131
2135556125
263131
2134704157
263308
2135490589
263308
2134638621
263308
2135556125
263308
2134704157
263484
1682767963
263484
2135556125
263484
2134704157
263661
2135490589
263661
2134638621
263661
2135556125
263661
2134704157
263749
2135490589
263749
2134638621
263837
1682767963
263837
2135556125
263837
2134704157
264014
2135490589
264014
2134638621
264014
2135556125
264014
2134704157
264190
1682767963
264190
2135556125
264190
2134704157
264367
2135490589
264367
2134638621
264367
2135556125
264367
2134704157
264455
2135490589
264455
2134638621
264543
1682767963
264543
2135556125
264543
2134704157
264720
2135490589
264720
2134638621
264720
1682767963
264720
1683030076
264807
2135490589
264807
2134638621
264896
2135490589
264896
2134638621
264984
2135490589
264984
2134638621
265073
2135490589
265073
2134638621
265073
1682767963
265073
1683030076
265161
2135490589
265161
2134638621
265249
2135490589
265249
2134638621
265338
2135490589
265338
2134638621
265426
2135490589
265426
2134638621
265426
1682767963
265426
1683030076
265513
2135490589
265513
2134638621
265602
2135490589
265602
2134638621
265691
2135490589
265691
2134638621
265778
2135490589
265778
2134638621
265778
1682767963
265778
1683030076
265866
2135490589
265866
2134638621
265955
2135490589
265955
2134638621
266043
2135490589
266043
2134638621
266131
1682767963
266219
1682767963
266308
2135490589
266308
2134638621
266396
2135490589
266396
2134638621
266484
1682767963
266573
1682767963
266661
2135490589
266661
2134638621
266750
2135490589
266750
2134638621
266837
1682767963
266926
1682767963
267014
2135490589
267014
2134638621
267102
2135490589
267102
2134638621
267190
1682767963
267278
1682767963
267367
1682767963
267454
1682767963
267543
2135490589
267543
2134638621
267543
1682964573
267632
2135490589
267632
2134638621
267720
2135490589
267720
2134638621
267720
1682767963
267720
1682833500
267808
2135490589
267808
2134638621
267896
2135490589
267896
2134638621
267896
1682833500
267985
2135490589
267985
2134638621
268074
2135490589
268074
2134638621
268074
1682767963
268074
1682833500
268161
2135490589
268161
2134638621
268249
2135490589
268249
2134638621
268249
1682833500
268338
2135490589
268338
2134638621
268427
2135490589
268427
2134638621
268427
1682767963
268427
1682833500
268515
2135490589
268515
2134638621
268602
2135490589
268602
2134638621
268602
1682833500
268690
2135490589
268690
2134638621
268779
2135490589
268779
2134638621
268779
1682767963
268779
1682833500
268867
2135490589
268867
2134638621
268955
2135490589
268955
2134638621
268955
1682833500
269042
2135490589
269042
2134638621
269131
2135490589
269131
2134638621
269131
1682767963
269131
1682833500
269220
2135490589
269220
2134638621
269308
2135490589
269308
2134638621
269308
1682833500
269397
2135490589
269397
2134638621
269485
2135490589
269485
2134638621
269485
1682767963
269485
1682833500
269573
2135490589
269573
2134638621
269661
2135490589
269661
2134638621
269661
1682833500
269750
2135490589
269750
2134638621
269838
2135490589
269838
2134638621
269838
1682767963
269838
1682833500
269927
2135490589
269927
2134638621
270014
2135490589
270014
2134638621
270014
1682833500
270102
2135490589
270102
2134638621
270191
2135490589
270191
2134638621
270191
1682767963
270191
1682833500
270279
2135490589
270279
2134638621
270367
2135490589
270367
2134638621
270367
1682833500
270454
2135490589
270454
2134638621
270543
2135490589
270543
2134638621
270543
1682767963
270543
1682833500
270631
2135490589
270631
2134638621
270720
2135490589
270720
2134638621
270720
1682833500
270809
2135490589
270809
2134638621
270896
2135490589
270896
2134638621
270896
1682767963
270896
1682833500
270984
2135490589
270984
2134638621
271073
2135490589
271073
2134638621
271073
1682833500
271162
2135490589
271162
2134638621
271250
2135490589
271250
2134638621
271250
1682767963
271250
1682833500
271338
2135490589
271338
2134638621
271426
2135490589
271426
2134638621
271426
1682833500
271514
2135490589
271514
2134638621
271602
2135490589
271602
2134638621
271602
1682767963
271602
1682833500
271690
2135490589
271690
2134638621
271778
2135490589
271778
2134638621
271778
1682833500
271866
2135490589
271866
2134638621
271955
2135490589
271955
2134638621
271955
1682767963
271955
1682833500
272043
2135490589
272043
2134638621
272131
2135490589
272131
2134638621
272131
1682833500
272221
2135490589
272221
2134638621
272308
2135490589
272308
2134638621
272308
1682767963
272308
1682833500
272396
2135490589
272396
2134638621
272484
2135490589
272484
2134638621
272484
1682833500
272574
2135490589
272574
2134638621
272662
2135490589
272662
2134638621
272662
1682767963
272662
1682833500
272749
2135490589
272749
2134638621
272837
2135490589
272837
2134638621
272837
1682767963
272925
2135490589
272925
2134638621
272925
1682767963
273013
2135490589
273013
2134638621
273013
1681850426
273013
1682702394
273101
2135490589
273101
2134638621
273101
1681850426
273101
1682702394
273190
2135490589
273190
2134638621
273190
1682964573
273278
2135490589
273278
2134638621
273367
2135490589
273367
2134638621
273367
1682767963
273367
1682833500
273455
2135490589
273455
2134638621
273543
2135490589
273543
2134638621
273543
1682833500
273632
2135490589
273632
2134638621
273720
2135490589
273720
2134638621
273720
1682767963
273720
1682833500
273808
2135490589
273808
2134638621
273896
2135490589
273896
2134638621
273896
1682833500
273985
2135490589
273985
2134638621
274074
2135490589
274074
2134638621
274074
1682767963
274074
1682833500
274161
2135490589
274161
2134638621
274249
2135490589
274249
2134638621
274249
1682833500
274337
2135490589
274337
2134638621
274427
2135490589
274427
2134638621
274427
1682767963
274427
1682833500
274515
2135490589
274515
2134638621
274602
2135490589
274602
2134638621
274602
1682833500
274690
2135490589
274690
2134638621
274779
2135490589
274779
2134638621
274779
1682767963
274779
1682833500
274867
2135490589
274867
2134638621
274955
2135490589
274955
2134638621
274955
1682833500
275044
2135490589
275044
2134638621
275131
2135490589
275131
2134638621
275131
1682767963
275131
1682833500
275220
2135490589
275220
2134638621
275308
2135490589
275308
2134638621
275308
1682833500
275397
2135490589
275397
2134638621
275485
2135490589
275485
2134638621
275485
1682767963
275485
1682833500
275573
2135490589
275573
2134638621
275661
2135490589
275661
2134638621
275661
1682833500
275749
2135490589
275749
2134638621
275838
2135490589
275838
2134638621
275838
1682767963
275838
1682833500
275927
2135490589
275927
2134638621
276014
2135490589
276014
2134638621
276014
1682767963
276014
1682964573
276102
2135490589
276102
2134638621
276191
2135490589
276191
2134638621
276279
2135490589
276279
2134638621
276367
2135490589
276367
2134638621
276367
1682767963
276367
1683030076
276456
2135490589
276456
2134638621
276543
2135490589
276543
2134638621
276543
1682767963
276543
1683030076
276631
2135490589
276631
2134638621
276720
2135490589
276720
2134638621
276720
1682767963
276720
1683030076
276809
2135490589
276809
2134638621
276897
2135490589
276897
2134638621
276984
2135490589
276984
2134638621
277073
2135490589
277073
2134638621
277073
1682767963
277073
1683030076
277161
2135490589
277161
2134638621
277250
2135490589
277250
2134638621
277338
2135490589
277338
2134638621
277426
2135490589
277426
2134638621
277426
1682767963
277426
1683030076
277514
2135490589
277514
2134638621
277602
2135490589
277602
2134638621
277690
2135490589
277690
2134638621
277778
2135490589
277778
2134638621
277778
1682767963
277778
1683030076
277867
2135490589
277867
2134638621
277954
2135490589
277954
2134638621
277954
1682767963
277954
1683030076
278042
2135490589
278042
2134638621
278131
2135490589
278131
2134638621
278131
1682767963
278131
1683030076
278220
2135490589
278220
2134638621
278308
2135490589
278308
2134638621
278395
2135490589
278395
2134638621
278484
2135490589
278484
2134638621
278484
1682767963
278484
1683030076
278572
2135490589
278572
2134638621
278661
2135490589
278661
2134638621
278749
2135490589
278749
2134638621
278837
2135490589
278837
2134638621
278837
1682767963
278837
1683030076
278926
2135490589
278926
2134638621
279014
2135490589
279014
2134638621
279102
2135490589
279102
2134638621
279190
2135490589
279190
2134638621
279190
1682767963
279190
1683030076
279279
2135490589
279279
2134638621
279366
2135490589
279366
2134638621
279366
1682767963
279366
1683030076
279454
2135490589
279454
2134638621
279543
2135490589
279543
2134638621
279543
1682767963
279543
1683030076
279632
2135490589
279632
2134638621
279720
2135490589
279720
2134638621
279720
1683030076
279807
2135490589
279807
2134638621
279896
2135490589
279896
2134638621
279896
1682767963
279896
1683030076
279984
2135490589
279984
2134638621
280073
2135490589
280073
2134638621
280161
2135490589
280161
2134638621
280249
2135490589
280249
2134638621
280249
1682767963
280249
1683030076
280337
2135490589
280337
2134638621
280426
2135490589
280426
2134638621
280514
2135490589
280514
2134638621
280602
2135490589
280602
2134638621
280602
1682833500
280690
2135490589
280690
2134638621
280778
2135490589
280778
2134638621
280867
2135490589
280867
2134638621
280955
2135490589
280955
2134638621
280955
1682636859
280955
1681784891
280955
2135556125
280955
2134704157
