25865
2135490589
25865
2134638621
25865
1682767963
25865
1683030076
25957
2135490589
25957
2134638621
26049
2135490589
26049
2134638621
26049
1683030076
26141
2135490589
26141
2134638621
26233
2135490589
26233
2134638621
26233
1682767963
26233
1683030076
26325
2135490589
26325
2134638621
26417
2135490589
26417
2134638621
26417
1683030076
26509
2135490589
26509
2134638621
26601
2135490589
26601
2134638621
26601
1682767963
26601
1683030076
26693
2135490589
26693
2134638621
26785
2135490589
26785
2134638621
26785
1683030076
26877
2135490589
26877
2134638621
26969
2135490589
26969
2134638621
26969
1682767963
26969
1683030076
27061
2135490589
27061
2134638621
27153
2135490589
27153
2134638621
27153
1683030076
27245
2135490589
27245
2134638621
27337
2135490589
27337
2134638621
27337
1682767963
27337
1683030076
27429
2135490589
27429
2134638621
27521
2135490589
27521
2134638621
27521
1683030076
27613
2135490589
27613
2134638621
27705
2135490589
27705
2134638621
27705
1682767963
27705
1683030076
27797
2135490589
27797
2134638621
27889
2135490589
27889
2134638621
27889
1683030076
27981
2135490589
27981
2134638621
28073
2135490589
28073
2134638621
28073
1682767963
28073
1683030076
28165
2135490589
28165
2134638621
28257
2135490589
28257
2134638621
28257
1683030076
28349
2135490589
28349
2134638621
28441
2135490589
28441
2134638621
28441
1682767963
28441
1683030076
28533
2135490589
28533
2134638621
28625
2135490589
28625
2134638621
28625
1683030076
28717
2135490589
28717
2134638621
28809
2135490589
28809
2134638621
28809
1682767963
28809
1683030076
28902
2135490589
28902
2134638621
28994
2135490589
28994
2134638621
28994
1683030076
29086
2135490589
29086
2134638621
29178
2135490589
29178
2134638621
29178
1682767963
29178
1683030076
29270
2135490589
29270
2134638621
29362
2135490589
29362
2134638621
29362
1683030076
29454
2135490589
29454
2134638621
29546
2135490589
29546
2134638621
29546
1682767963
29546
1683030076
29638
2135490589
29638
2134638621
29730
2135490589
29730
2134638621
29730
1683030076
29822
2135490589
29822
2134638621
29914
2135490589
29914
2134638621
29914
1682767963
29914
1683030076
30006
2135490589
30006
2134638621
30098
2135490589
30098
2134638621
30098
1683030076
30190
2135490589
30190
2134638621
30282
2135490589
30282
2134638621
30282
1682767963
30282
1683030076
30374
2135490589
30374
2134638621
30466
2135490589
30466
2134638621
30466
1683030076
30558
2135490589
30558
2134638621
30650
2135490589
30650
2134638621
30650
1682767963
30650
1683030076
30742
2135490589
30742
2134638621
30834
2135490589
30834
2134638621
30834
1683030076
30926
2135490589
30926
2134638621
31018
2135490589
31018
2134638621
31018
1682767963
31018
1683030076
31110
2135490589
31110
2134638621
31202
2135490589
31202
2134638621
31202
1683030076
31294
2135490589
31294
2134638621
31386
2135490589
31386
2134638621
31386
1682767963
31386
1683030076
31478
2135490589
31478
2134638621
31570
2135490589
31570
2134638621
31570
1683030076
31662
2135490589
31662
2134638621
31754
2135490589
31754
2134638621
31754
1682767963
31754
1682964573
31846
2135490589
31846
2134638621
31938
2135490589
31938
2134638621
31938
1683030076
32030
2135490589
32030
2134638621
32122
2135490589
32122
2134638621
32122
1682767963
32122
1683030076
32214
2135490589
32214
2134638621
32306
2135490589
32306
2134638621
32306
1683030076
32398
2135490589
32398
2134638621
32490
2135490589
32490
2134638621
32490
1682767963
32490
1683030076
32583
2135490589
32583
2134638621
32675
2135490589
32675
2134638621
32675
1683030076
32767
2135490589
32767
2134638621
32859
2135490589
32859
2134638621
32859
1682767963
32859
1683030076
32951
2135490589
32951
2134638621
33043
2135490589
33043
2134638621
33043
1683030076
33135
2135490589
33135
2134638621
33227
2135490589
33227
2134638621
33227
1682767963
33227
1683030076
33319
2135490589
33319
2134638621
33411
2135490589
33411
2134638621
33411
1683030076
33503
2135490589
33503
2134638621
33595
2135490589
33595
2134638621
33595
1682767963
33595
1683030076
33687
2135490589
33687
2134638621
33779
2135490589
33779
2134638621
33779
1683030076
33871
2135490589
33871
2134638621
33963
2135490589
33963
2134638621
33963
1682767963
33963
1683030076
34055
2135490589
34055
2134638621
34147
2135490589
34147
2134638621
34147
1683030076
34239
2135490589
34239
2134638621
34331
2135490589
34331
2134638621
34331
1682767963
34331
1683030076
34423
2135490589
34423
2134638621
34515
2135490589
34515
2134638621
34515
1683030076
34607
2135490589
34607
2134638621
34699
2135490589
34699
2134638621
34699
1682767963
34699
1683030076
34791
2135490589
34791
2134638621
34883
2135490589
34883
2134638621
34883
1683030076
34975
2135490589
34975
2134638621
35067
2135490589
35067
2134638621
35067
1682767963
35067
1683030076
35159
2135490589
35159
2134638621
35251
2135490589
35251
2134638621
35251
1683030076
35343
2135490589
35343
2134638621
35435
2135490589
35435
2134638621
35435
1682767963
35435
1683030076
35527
2135490589
35527
2134638621
35619
2135490589
35619
2134638621
35619
1683030076
35711
2135490589
35711
2134638621
35803
2135490589
35803
2134638621
35803
1682767963
35803
1683030076
35895
2135490589
35895
2134638621
35987
2135490589
35987
2134638621
35987
1683030076
36079
2135490589
36079
2134638621
36171
2135490589
36171
2134638621
36171
1682767963
36171
1682964573
36264
2135490589
36264
2134638621
36356
2135490589
36356
2134638621
36356
1683030076
36448
2135490589
36448
2134638621
36448
1682767963
36540
2135490589
36540
2134638621
36540
1683030076
36632
2135490589
36632
2134638621
36724
2135490589
36724
2134638621
36724
1682767963
36724
1682964573
36816
2135490589
36816
2134638621
36908
2135490589
36908
2134638621
36908
1683030076
37000
2135490589
37000
2134638621
37000
1682767963
37092
2135490589
37092
2134638621
37092
1683030076
37184
2135490589
37184
2134638621
37276
2135490589
37276
2134638621
37276
1682767963
37276
1682964573
37368
2135490589
37368
2134638621
37460
2135490589
37460
2134638621
37460
1683030076
37552
2135490589
37552
2134638621
37644
2135490589
37644
2134638621
37644
1682833500
37644
1683030076
37736
2135490589
37736
2134638621
37828
2135490589
37828
2134638621
37828
1683030076
37920
2135490589
37920
2134638621
38012
2135490589
38012
2134638621
38012
1683030076
38104
2135490589
38104
2134638621
38196
2135490589
38196
2134638621
38196
1683030076
38288
2135490589
38288
2134638621
38380
2135490589
38380
2134638621
38380
1682767963
38380
1683030076
38472
2135490589
38472
2134638621
38564
2135490589
38564
2134638621
38564
1683030076
38656
2135490589
38656
2134638621
38748
2135490589
38748
2134638621
38748
1683030076
38840
2135490589
38840
2134638621
38932
2135490589
38932
2134638621
38932
1683030076
39024
2135490589
39024
2134638621
39116
2135490589
39116
2134638621
39116
1683030076
39208
2135490589
39208
2134638621
39300
2135490589
39300
2134638621
39300
1683030076
39392
2135490589
39392
2134638621
39484
2135490589
39484
2134638621
39484
1683030076
39576
2135490589
39576
2134638621
39668
2135490589
39668
2134638621
39668
1683030076
39760
2135490589
39760
2134638621
39852
2135490589
39852
2134638621
39852
1682767963
39852
1683030076
39944
2135490589
39944
2134638621
40036
2135490589
40036
2134638621
40036
1683030076
40128
2135490589
40128
2134638621
40220
2135490589
40220
2134638621
40220
1683030076
40313
2135490589
40313
2134638621
40405
2135490589
40405
2134638621
40405
1683030076
40497
2135490589
40497
2134638621
40589
2135490589
40589
2134638621
40589
1683030076
40681
2135490589
40681
2134638621
40773
2135490589
40773
2134638621
40773
1683030076
40865
2135490589
40865
2134638621
40957
2135490589
40957
2134638621
40957
1683030076
41049
2135490589
41049
2134638621
41141
2135490589
41141
2134638621
41141
1682964573
41233
2135490589
41233
2134638621
41325
2135490589
41325
2134638621
41325
1682767963
41325
1683030076
41417
2135490589
41417
2134638621
41509
2135490589
41509
2134638621
41509
1683030076
41601
2135490589
41601
2134638621
41693
2135490589
41693
2134638621
41693
1683030076
41786
2135490589
41786
2134638621
41877
2135490589
41877
2134638621
41877
1683030076
41969
2135490589
41969
2134638621
42061
2135490589
42061
2134638621
42061
1683030076
42153
2135490589
42153
2134638621
42245
2135490589
42245
2134638621
42245
1683030076
42337
2135490589
42337
2134638621
42429
2135490589
42429
2134638621
42429
1683030076
42521
2135490589
42521
2134638621
42613
2135490589
42613
2134638621
42613
1683030076
42705
2135490589
42705
2134638621
42797
2135490589
42797
2134638621
42797
1682767963
42797
1683030076
42889
2135490589
42889
2134638621
42981
2135490589
42981
2134638621
42981
1682964573
43073
2135490589
43073
2134638621
43073
1682964573
43165
2135490589
43165
2134638621
43165
1682767963
43258
2135490589
43258
2134638621
43258
1682833500
43350
2135490589
43350
2134638621
43442
2135490589
43442
2134638621
43533
2135490589
43533
2134638621
43533
1682833500
43533
1683030076
43625
2135490589
43625
2134638621
43717
2135490589
43717
2134638621
43717
1683030076
43809
2135490589
43809
2134638621
43901
2135490589
43901
2134638621
43901
1683030076
43994
2135490589
43994
2134638621
44086
2135490589
44086
2134638621
44086
1683030076
44178
2135490589
44178
2134638621
44270
2135490589
44270
2134638621
44270
1682767963
44270
1683030076
44362
2135490589
44362
2134638621
44454
2135490589
44454
2134638621
44454
1683030076
44546
2135490589
44546
2134638621
44638
2135490589
44638
2134638621
44638
1683030076
44730
2135490589
44730
2134638621
44822
2135490589
44822
2134638621
44822
1683030076
44914
2135490589
44914
2134638621
45006
2135490589
45006
2134638621
45006
1683030076
45098
2135490589
45098
2134638621
45190
2135490589
45190
2134638621
45190
1683030076
45282
2135490589
45282
2134638621
45374
2135490589
45374
2134638621
45374
1683030076
45466
2135490589
45466
2134638621
45558
2135490589
45558
2134638621
45558
1683030076
45650
2135490589
45650
2134638621
45742
2135490589
45742
2134638621
45742
1682767963
45742
1683030076
45834
2135490589
45834
2134638621
45926
2135490589
45926
2134638621
45926
1683030076
46018
2135490589
46018
2134638621
46110
2135490589
46110
2134638621
46110
1683030076
46203
2135490589
46203
2134638621
46295
2135490589
46295
2134638621
46295
1683030076
46386
2135490589
46386
2134638621
46478
2135490589
46478
2134638621
46478
1683030076
46570
2135490589
46570
2134638621
46662
2135490589
46662
2134638621
46662
1683030076
46754
2135490589
46754
2134638621
46846
2135490589
46846
2134638621
46846
1683030076
46938
2135490589
46938
2134638621
47030
2135490589
47030
2134638621
47030
1682964573
47122
2135490589
47122
2134638621
47214
2135490589
47214
2134638621
47214
1682767963
47214
1683030076
47306
2135490589
47306
2134638621
47398
2135490589
47398
2134638621
47398
1683030076
47490
2135490589
47490
2134638621
47582
2135490589
47582
2134638621
47582
1683030076
47675
2135490589
47675
2134638621
47767
2135490589
47767
2134638621
47767
1683030076
47859
2135490589
47859
2134638621
47951
2135490589
47951
2134638621
47951
1682767963
47951
1683030076
48043
2135490589
48043
2134638621
48135
2135490589
48135
2134638621
48135
2135556125
48135
2134704157
48227
2135490589
48227
2134638621
48227
1682636859
48227
1681784891
48319
2135490589
48319
2134638621
48319
2135556125
48319
2134704157
48411
2135490589
48411
2134638621
48503
2135490589
48503
2134638621
48503
1682767963
48503
1683030076
48595
2135490589
48595
2134638621
48687
2135490589
48687
2134638621
48687
2135556125
48687
2134704157
48779
2135490589
48779
2134638621
48779
1682636859
48779
1681784891
48871
2135490589
48871
2134638621
48871
2135556125
48871
2134704157
48963
2135490589
48963
2134638621
49055
1682636859
49055
1681784891
49055
2135556125
49055
2134704157
49239
1682636859
49239
1681784891
49239
2135556125
49239
2134704157
49423
1682767963
49793
1682767963
50163
1682767963
50532
1682767963
50902
1682767963
51272
1682767963
51642
1682767963
52011
1682767963
52381
1682767963
52751
1682767963
53121
1682767963
53491
1682767963
53860
1682767963
54230
1682767963
54600
1682767963
54970
1682767963
55339
1682767963
55710
1682767963
55896
2135490589
55896
2134638621
55896
1683030076
56081
1682767963
56266
2135490589
56266
2134638621
56266
1683030076
56452
1682767963
56637
2135490589
56637
2134638621
56637
1683030076
56822
1682767963
57193
1682767963
57379
2135490589
57379
2134638621
57379
1683030076
57564
1682767963
57749
2135490589
57749
2134638621
57749
1683030076
57935
1682767963
58120
2135490589
58120
2134638621
58120
1683030076
58305
1682767963
58676
1682767963
58862
2135490589
58862
2134638621
58862
1683030076
59047
1682767963
59231
2135490589
59231
2134638621
59231
1683030076
59417
1682767963
59603
2135490589
59603
2134638621
59603
1683030076
59788
2135490589
59788
2134638621
59788
1682833500
59974
2135490589
59974
2134638621
59974
1682964573
60159
2135490589
60159
2134638621
60159
1682833500
60344
2135490589
60344
2134638621
60344
1683030076
60530
2135490589
60530
2134638621
60530
1682833500
60715
2135490589
60715
2134638621
60715
1682964573
60900
2135490589
60900
2134638621
60900
1682833500
61086
1682767963
61179
1682767963
61271
2135490589
61271
2134638621
61271
1683030076
61364
2135490589
61364
2134638621
61456
2135490589
61456
2134638621
61549
2135490589
61549
2134638621
61641
2135490589
61641
2134638621
61641
1682833500
61734
2135490589
61734
2134638621
61827
2135490589
61827
2134638621
61827
1682833500
61920
2135490589
61920
2134638621
62012
2135490589
62012
2134638621
62012
1682767963
62012
1682833500
62104
2135490589
62104
2134638621
62197
2135490589
62197
2134638621
62197
1682833500
62289
2135490589
62289
2134638621
62382
2135490589
62382
2134638621
62382
1682833500
62753
2135490589
62753
2134638621
62753
1683030076
62846
2135490589
62846
2134638621
62938
2135490589
62938
2134638621
63031
2135490589
63031
2134638621
63123
2135490589
63123
2134638621
63123
1682833500
63216
2135490589
63216
2134638621
63308
2135490589
63308
2134638621
63308
1682833500
63401
2135490589
63401
2134638621
63493
1682767963
63493
1682833500
63679
2135490589
63679
2134638621
63679
1682833500
63864
1682767963
63895
1682767963
64049
2135490589
64049
2134638621
64049
1682833500
64604
2135490589
64604
2134638621
64604
1683030076
64698
2135490589
64698
2134638621
64790
2135490589
64790
2134638621
64883
2135490589
64883
2134638621
64975
2135490589
64975
2134638621
64975
1682833500
65068
2135490589
65068
2134638621
65160
2135490589
65160
2134638621
65160
1682833500
65253
2135490589
65253
2134638621
65345
2135490589
65345
2134638621
65345
1682767963
65345
1682833500
65437
2135490589
65437
2134638621
65531
2135490589
65531
2134638621
65531
1682833500
65623
2135490589
65623
2134638621
65716
2135490589
65716
2134638621
65716
1682833500
65901
1682767963
66086
2135490589
66086
2134638621
66086
1682964573
66178
2135490589
66178
2134638621
66271
2135490589
66271
2134638621
66271
1682964573
66363
2135490589
66363
2134638621
66456
2135490589
66456
2134638621
66456
1682964573
66549
2135490589
66549
2134638621
66642
2135490589
66642
2134638621
66642
1682964573
66735
2135490589
66735
2134638621
66827
2135490589
66827
2134638621
66827
1682767963
66827
1682964573
66919
2135490589
66919
2134638621
67012
2135490589
67012
2134638621
67012
1682964573
67104
2135490589
67104
2134638621
67104
1682833500
67197
2135490589
67197
2134638621
67197
1683030076
67290
2135490589
67290
2134638621
67382
2135490589
67382
2134638621
67475
2135490589
67475
2134638621
67567
2135490589
67567
2134638621
67567
1682833500
67660
2135490589
67660
2134638621
67753
2135490589
67753
2134638621
67753
1682833500
67846
2135490589
67846
2134638621
67938
2135490589
67938
2134638621
67938
1682767963
67938
1682833500
68030
2135490589
68030
2134638621
68123
2135490589
68123
2134638621
68123
1682833500
68215
2135490589
68215
2134638621
68308
2135490589
68308
2134638621
68308
1682833500
68679
2135490589
68679
2134638621
68679
1683030076
68772
2135490589
68772
2134638621
68864
2135490589
68864
2134638621
68957
2135490589
68957
2134638621
69049
2135490589
69049
2134638621
69049
1682833500
69142
2135490589
69142
2134638621
69234
2135490589
69234
2134638621
69234
1682833500
69327
2135490589
69327
2134638621
69419
1682767963
69419
1682833500
69605
2135490589
69605
2134638621
69605
1682833500
69790
1682767963
69821
1682767963
69975
2135490589
69975
2134638621
69975
1682833500
70530
2135490589
70530
2134638621
70530
1683030076
70624
2135490589
70624
2134638621
70715
2135490589
70715
2134638621
70808
2135490589
70808
2134638621
70899
2135490589
70899
2134638621
70899
1682833500
70991
2135490589
70991
2134638621
71083
2135490589
71083
2134638621
71083
1682833500
71175
2135490589
71175
2134638621
71267
2135490589
71267
2134638621
71267
1682767963
71267
1682833500
71359
2135490589
71359
2134638621
71452
2135490589
71452
2134638621
71452
1682833500
71544
2135490589
71544
2134638621
71636
2135490589
71636
2134638621
71636
1682833500
71820
1682767963
72004
2135490589
72004
2134638621
72004
1682964573
72096
2135490589
72096
2134638621
72096
1682767963
72189
2135490589
72189
2134638621
72189
1682964573
72280
2135490589
72280
2134638621
72373
2135490589
72373
2134638621
72373
1682767963
72373
1682964573
72465
2135490589
72465
2134638621
72465
1682767963
72557
2135490589
72557
2134638621
72557
1682964573
72649
2135490589
72649
2134638621
72741
2135490589
72741
2134638621
72741
1682767963
72741
1682964573
72833
2135490589
72833
2134638621
72925
2135490589
72925
2134638621
72925
1682964573
73017
2135490589
73017
2134638621
73017
1682767963
73109
2135490589
73109
2134638621
73109
1683030076
73202
2135490589
73202
2134638621
73294
2135490589
73294
2134638621
73387
2135490589
73387
2134638621
73478
2135490589
73478
2134638621
73478
1682767963
73478
1682964573
73570
2135490589
73570
2134638621
73662
2135490589
73662
2134638621
73662
1682964573
73754
2135490589
73754
2134638621
73846
2135490589
73846
2134638621
73846
1682964573
73939
2135490589
73939
2134638621
74031
2135490589
74031
2134638621
74031
1682964573
74123
2135490589
74123
2134638621
74215
2135490589
74215
2134638621
74215
1682767963
74215
1682833500
74307
2135490589
74307
2134638621
74399
2135490589
74399
2134638621
74491
2135490589
74491
2134638621
74583
2135490589
74583
2134638621
74583
1683030076
74675
2135490589
74675
2134638621
74768
2135490589
74768
2134638621
74860
2135490589
74860
2134638621
74952
2135490589
74952
2134638621
74952
1682767963
74952
1682964573
75044
2135490589
75044
2134638621
75136
2135490589
75136
2134638621
75136
1682964573
75228
2135490589
75228
2134638621
75320
2135490589
75320
2134638621
75320
1682964573
75412
2135490589
75412
2134638621
75412
1682636859
75412
1681784891
75504
2135490589
75504
2134638621
75504
1682636859
75504
1681784891
75596
2135490589
75596
2134638621
75596
1682636859
75596
1681784891
75688
2135490589
75688
2134638621
75688
2135556125
75688
2134704157
75781
2135490589
75781
2134638621
75781
2135556125
75781
2134704157
75873
2135490589
75873
2134638621
75873
1683030076
75965
2135490589
75965
2134638621
76057
2135490589
76057
2134638621
76149
2135490589
76149
2134638621
76241
2135490589
76241
2134638621
76333
2135490589
76333
2134638621
76425
2135490589
76425
2134638621
76425
1682767963
76425
1683030076
76517
2135490589
76517
2134638621
76610
2135490589
76610
2134638621
76702
2135490589
76702
2134638621
76794
2135490589
76794
2134638621
76794
1682964573
76886
2135490589
76886
2134638621
76978
2135490589
76978
2134638621
76978
1682964573
77070
2135490589
77070
2134638621
77162
2135490589
77162
2134638621
77162
1682767963
77162
1682964573
77254
2135490589
77254
2134638621
77346
2135490589
77346
2134638621
77346
1682964573
77438
2135490589
77438
2134638621
77530
2135490589
77530
2134638621
77530
1682964573
77623
2135490589
77623
2134638621
77715
2135490589
77715
2134638621
77807
2135490589
77807
2134638621
77899
2135490589
77899
2134638621
77899
1682767963
77899
1683030076
77991
2135490589
77991
2134638621
78083
2135490589
78083
2134638621
78175
2135490589
78175
2134638621
78267
2135490589
78267
2134638621
78267
1682767963
78267
1683030076
78360
2135490589
78360
2134638621
78452
2135490589
78452
2134638621
78544
2135490589
78544
2134638621
78636
2135490589
78636
2134638621
78636
1682767963
78636
1683030076
78728
2135490589
78728
2134638621
78820
2135490589
78820
2134638621
78912
2135490589
78912
2134638621
79004
2135490589
79004
2134638621
79004
1683030076
79097
2135490589
79097
2134638621
79189
2135490589
79189
2134638621
79282
2135490589
79282
2134638621
79373
2135490589
79373
2134638621
79373
1682767963
79373
1682964573
79465
2135490589
79465
2134638621
79557
2135490589
79557
2134638621
79557
1682964573
79649
2135490589
79649
2134638621
79741
2135490589
79741
2134638621
79741
1682964573
79834
2135490589
79834
2134638621
79925
2135490589
79925
2134638621
79925
1682964573
80017
2135490589
80017
2134638621
80109
2135490589
80109
2134638621
80109
1682767963
80109
1682833500
80202
2135490589
80202
2134638621
80294
2135490589
80294
2134638621
80386
2135490589
80386
2134638621
80478
2135490589
80478
2134638621
80478
1683030076
80570
2135490589
80570
2134638621
80662
2135490589
80662
2134638621
80754
2135490589
80754
2134638621
80846
2135490589
80846
2134638621
80846
1682767963
80846
1682964573
80938
2135490589
80938
2134638621
81031
2135490589
81031
2134638621
81031
1682964573
81123
2135490589
81123
2134638621
81215
2135490589
81215
2134638621
81215
1682964573
81307
2135490589
81307
2134638621
81307
1682636859
81307
1681784891
81399
2135490589
81399
2134638621
81399
1682636859
81399
1681784891
81491
2135490589
81491
2134638621
81491
1682636859
81491
1681784891
81583
2135490589
81583
2134638621
81583
2135556125
81583
2134704157
81676
2135490589
81676
2134638621
81676
2135556125
81676
2134704157
81768
2135490589
81768
2134638621
81768
1683030076
81859
2135490589
81859
2134638621
81951
2135490589
81951
2134638621
82044
2135490589
82044
2134638621
82136
2135490589
82136
2134638621
82228
2135490589
82228
2134638621
82320
2135490589
82320
2134638621
82320
1682767963
82320
1683030076
82412
2135490589
82412
2134638621
82504
2135490589
82504
2134638621
82596
2135490589
82596
2134638621
82688
2135490589
82688
2134638621
82688
1682964573
82781
2135490589
82781
2134638621
82873
2135490589
82873
2134638621
82873
1682964573
82965
2135490589
82965
2134638621
83057
2135490589
83057
2134638621
83057
1682767963
83057
1682964573
83149
2135490589
83149
2134638621
83241
2135490589
83241
2134638621
83241
1682964573
83333
2135490589
83333
2134638621
83425
2135490589
83425
2134638621
83425
1682964573
83518
2135490589
83518
2134638621
83610
2135490589
83610
2134638621
83702
2135490589
83702
2134638621
83794
1681850426
83794
1682702394
83886
1681850426
83886
1682702394
83978
2135490589
83978
2134638621
84070
2135490589
84070
2134638621
84162
1682636859
84162
1681784891
84255
1682636859
84255
1681784891
84346
2135490589
84346
2134638621
84438
2135490589
84438
2134638621
84530
1682767963
84530
1683030076
84715
2135490589
84715
2134638621
84899
2135556125
84899
2134704157
84991
1682767963
85083
1682767963
85175
2135490589
85175
2134638621
85267
1682964573
85452
2135490589
85452
2134638621
85636
1682767963
85636
1682833500
85820
2135490589
85820
2134638621
86004
1682964573
86188
2135490589
86188
2134638621
86372
2135556125
86372
2134704157
86465
1682767963
86557
1682767963
86649
2135490589
86649
2134638621
86741
1682964573
86925
2135490589
86925
2134638621
87109
1682767963
87109
1682833500
87294
2135490589
87294
2134638621
87478
1682964573
87662
2135490589
87662
2134638621
87846
2135556125
87846
2134704157
87940
1682767963
88032
1682767963
88125
2135490589
88125
2134638621
88217
1682964573
88403
2135490589
88403
2134638621
88588
1682767963
88588
1682833500
88773
2135490589
88773
2134638621
88958
1682964573
89144
2135490589
89144
2134638621
89329
2135556125
89329
2134704157
89423
1682767963
89515
1682767963
89608
2135490589
89608
2134638621
89700
1682964573
89886
2135490589
89886
2134638621
90071
1682767963
90071
1682833500
90256
2135490589
90256
2134638621
90442
1682964573
90627
2135490589
90627
2134638621
90812
2135556125
90812
2134704157
90906
1682767963
90998
1682767963
91091
2135490589
91091
2134638621
91183
1682964573
91369
2135490589
91369
2134638621
91554
1682767963
91554
1683030076
91740
2135490589
91740
2134638621
91925
1682964573
92110
2135490589
92110
2134638621
92296
2135556125
92296
2134704157
92389
1682767963
92481
1682767963
92573
2135490589
92573
2134638621
92666
1682964573
92852
2135490589
92852
2134638621
93037
1682767963
93037
1683030076
93223
2135490589
93223
2134638621
93408
1682964573
93594
2135490589
93594
2134638621
93779
2135556125
93779
2134704157
93872
1682767963
93965
1682767963
94057
2135490589
94057
2134638621
94150
1682964573
94335
2135490589
94335
2134638621
94520
1682767963
94520
1683030076
94706
2135490589
94706
2134638621
94891
1682964573
95077
2135490589
95077
2134638621
95169
2135490589
95169
2134638621
95262
1682767963
95262
2135556125
95262
2134704157
96746
2135490589
96746
2134638621
96746
1682767963
96746
1683030076
96839
2135490589
96839
2134638621
96931
2135490589
96931
2134638621
96931
1683030076
97023
2135490589
97023
2134638621
97115
2135490589
97115
2134638621
97115
1682767963
97115
1683030076
97207
2135490589
97207
2134638621
97299
2135490589
97299
2134638621
97299
1683030076
97391
2135490589
97391
2134638621
97483
2135490589
97483
2134638621
97483
1682767963
97483
1683030076
97575
2135490589
97575
2134638621
97667
2135490589
97667
2134638621
97667
1683030076
97759
2135490589
97759
2134638621
97851
2135490589
97851
2134638621
97851
1682767963
97851
1683030076
97943
2135490589
97943
2134638621
98035
2135490589
98035
2134638621
98035
1683030076
98127
2135490589
98127
2134638621
98219
2135490589
98219
2134638621
98219
1682767963
98219
1683030076
98311
2135490589
98311
2134638621
98403
2135490589
98403
2134638621
98403
1683030076
98495
2135490589
98495
2134638621
98587
2135490589
98587
2134638621
98587
1682767963
98587
1683030076
98680
2135490589
98680
2134638621
98772
2135490589
98772
2134638621
98772
1683030076
98864
2135490589
98864
2134638621
98956
2135490589
98956
2134638621
98956
1682767963
98956
1683030076
99048
2135490589
99048
2134638621
99140
2135490589
99140
2134638621
99140
1683030076
99232
2135490589
99232
2134638621
99324
2135490589
99324
2134638621
99324
1682767963
99324
1683030076
99416
2135490589
99416
2134638621
99508
2135490589
99508
2134638621
99508
1683030076
99600
2135490589
99600
2134638621
99692
2135490589
99692
2134638621
99692
1682767963
99692
1683030076
99785
2135490589
99785
2134638621
99876
2135490589
99876
2134638621
99876
1683030076
99968
2135490589
99968
2134638621
100060
2135490589
100060
2134638621
100060
1682767963
100060
1683030076
100152
2135490589
100152
2134638621
100244
2135490589
100244
2134638621
100244
1683030076
100336
2135490589
100336
2134638621
100428
2135490589
100428
2134638621
100428
1682767963
100428
1683030076
100521
2135490589
100521
2134638621
100613
2135490589
100613
2134638621
100613
1683030076
100705
2135490589
100705
2134638621
100797
2135490589
100797
2134638621
100797
1682767963
100797
1683030076
100889
2135490589
100889
2134638621
100981
2135490589
100981
2134638621
100981
1683030076
101073
2135490589
101073
2134638621
101165
2135490589
101165
2134638621
101165
1682767963
101165
1683030076
101257
2135490589
101257
2134638621
101349
2135490589
101349
2134638621
101349
1683030076
101441
2135490589
101441
2134638621
101533
2135490589
101533
2134638621
101533
1682767963
101533
1683030076
101625
2135490589
101625
2134638621
101717
2135490589
101717
2134638621
101717
1683030076
101809
2135490589
101809
2134638621
101809
1682767963
101901
2135490589
101901
2134638621
101901
1683030076
101993
2135490589
101993
2134638621
101993
1682767963
102085
2135490589
102085
2134638621
102085
1682767963
102177
2135490589
102177
2134638621
102177
1682767963
102269
2135490589
102269
2134638621
102269
1682964573
102361
2135490589
102361
2134638621
102361
1682833500
102453
2135490589
102453
2134638621
102453
1683030076
102545
2135490589
102545
2134638621
102637
2135490589
102637
2134638621
102637
1682767963
102637
1683030076
102730
2135490589
102730
2134638621
102822
2135490589
102822
2134638621
102822
1683030076
102914
2135490589
102914
2134638621
103006
2135490589
103006
2134638621
103006
1682767963
103006
1683030076
103098
2135490589
103098
2134638621
103190
2135490589
103190
2134638621
103190
1683030076
103282
2135490589
103282
2134638621
103374
2135490589
103374
2134638621
103374
1682767963
103374
1683030076
103467
2135490589
103467
2134638621
103558
2135490589
103558
2134638621
103558
1683030076
103650
2135490589
103650
2134638621
103742
2135490589
103742
2134638621
103742
1682767963
103742
1683030076
103834
2135490589
103834
2134638621
103926
2135490589
103926
2134638621
103926
1683030076
104018
2135490589
104018
2134638621
104110
2135490589
104110
2134638621
104110
1682767963
104110
1683030076
104202
2135490589
104202
2134638621
104294
2135490589
104294
2134638621
104294
1683030076
104386
2135490589
104386
2134638621
104478
2135490589
104478
2134638621
104478
1682767963
104478
1683030076
104571
2135490589
104571
2134638621
104663
2135490589
104663
2134638621
104663
1683030076
104755
2135490589
104755
2134638621
104847
2135490589
104847
2134638621
104847
1682767963
104847
1683030076
104939
2135490589
104939
2134638621
105031
2135490589
105031
2134638621
105031
1683030076
105123
2135490589
105123
2134638621
105215
2135490589
105215
2134638621
105215
1682767963
105215
1683030076
105307
2135490589
105307
2134638621
105399
2135490589
105399
2134638621
105399
1683030076
105491
2135490589
105491
2134638621
105583
2135490589
105583
2134638621
105583
1682767963
105583
1683030076
105675
2135490589
105675
2134638621
105767
2135490589
105767
2134638621
105767
1683030076
105859
2135490589
105859
2134638621
105951
2135490589
105951
2134638621
105951
1682767963
105951
1683030076
106043
2135490589
106043
2134638621
106135
2135490589
106135
2134638621
106135
1683030076
106227
2135490589
106227
2134638621
106319
2135490589
106319
2134638621
106319
1682767963
106319
1683030076
106412
2135490589
106412
2134638621
106504
2135490589
106504
2134638621
106504
1683030076
106596
2135490589
106596
2134638621
106688
2135490589
106688
2134638621
106688
1682767963
106688
1683030076
106780
2135490589
106780
2134638621
106872
2135490589
106872
2134638621
106872
1683030076
106964
2135490589
106964
2134638621
107056
2135490589
107056
2134638621
107056
1682767963
107056
1683030076
107149
2135490589
107149
2134638621
107240
2135490589
107240
2134638621
107240
2135556125
107240
2134704157
107332
2135490589
107332
2134638621
107332
1682636859
107332
1681784891
107424
2135490589
107424
2134638621
107424
2135556125
107424
2134704157
107516
2135490589
107516
2134638621
107516
1682767963
107608
2135490589
107608
2134638621
107608
1682767963
107700
2135490589
107700
2134638621
107792
2135490589
107792
2134638621
107792
1682767963
107792
1682833500
107884
2135490589
107884
2134638621
107976
2135490589
107976
2134638621
107976
1682767963
108068
2135490589
108068
2134638621
108068
1682767963
108160
2135490589
108160
2134638621
108160
1682767963
108253
2135490589
108253
2134638621
108253
1682636859
108253
1681784891
108345
2135490589
108345
2134638621
108345
2135556125
108345
2134704157
108437
2135490589
108437
2134638621
108437
2135556125
108437
2134704157
108529
2135490589
108529
2134638621
108529
1683030076
108621
2135490589
108621
2134638621
108713
2135490589
108713
2134638621
108713
1683030076
108805
2135490589
108805
2134638621
108897
2135490589
108897
2134638621
108897
1683030076
108989
2135490589
108989
2134638621
109081
2135490589
109081
2134638621
109081
1683030076
109173
2135490589
109173
2134638621
109265
2135490589
109265
2134638621
109265
1682767963
109265
1683030076
109357
2135490589
109357
2134638621
109449
2135490589
109449
2134638621
109449
1683030076
109541
2135490589
109541
2134638621
109633
2135490589
109633
2134638621
109633
1683030076
109725
2135490589
109725
2134638621
109817
2135490589
109817
2134638621
109817
1683030076
109909
2135490589
109909
2134638621
110001
2135490589
110001
2134638621
110001
1683030076
110093
2135490589
110093
2134638621
110185
2135490589
110185
2134638621
110185
1683030076
110277
2135490589
110277
2134638621
110369
2135490589
110369
2134638621
110369
1683030076
110462
2135490589
110462
2134638621
110554
2135490589
110554
2134638621
110554
1683030076
110646
2135490589
110646
2134638621
110738
2135490589
110738
2134638621
110738
1682767963
110738
1683030076
110830
2135490589
110830
2134638621
110922
2135490589
110922
2134638621
110922
1683030076
111014
2135490589
111014
2134638621
111106
2135490589
111106
2134638621
111106
1683030076
111199
2135490589
111199
2134638621
111290
2135490589
111290
2134638621
111290
1683030076
111382
2135490589
111382
2134638621
111474
2135490589
111474
2134638621
111474
1683030076
111566
2135490589
111566
2134638621
111658
2135490589
111658
2134638621
111658
1683030076
111750
2135490589
111750
2134638621
111842
2135490589
111842
2134638621
111842
1683030076
111934
2135490589
111934
2134638621
112026
2135490589
112026
2134638621
112026
1682964573
112118
2135490589
112118
2134638621
112210
2135490589
112210
2134638621
112210
1682767963
112210
1683030076
112303
2135490589
112303
2134638621
112395
2135490589
112395
2134638621
112395
1683030076
112487
2135490589
112487
2134638621
112579
2135490589
112579
2134638621
112579
1683030076
112672
2135490589
112672
2134638621
112763
2135490589
112763
2134638621
112763
1683030076
112855
2135490589
112855
2134638621
112947
2135490589
112947
2134638621
112947
1683030076
113039
2135490589
113039
2134638621
113131
2135490589
113131
2134638621
113131
1683030076
113223
2135490589
113223
2134638621
113315
2135490589
113315
2134638621
113315
1683030076
113407
2135490589
113407
2134638621
113499
2135490589
113499
2134638621
113499
1683030076
113591
2135490589
113591
2134638621
113683
2135490589
113683
2134638621
113683
1682767963
113683
1683030076
113775
2135490589
113775
2134638621
113867
2135490589
113867
2134638621
113867
1682964573
113959
2135490589
113959
2134638621
113959
1682833500
114051
2135490589
114051
2134638621
114051
1682964573
114145
2135490589
114145
2134638621
114145
1682833500
114237
2135490589
114237
2134638621
114237
1682833500
114329
2135490589
114329
2134638621
114420
2135490589
114420
2134638621
114420
1683030076
114512
2135490589
114512
2134638621
114604
2135490589
114604
2134638621
114604
1683030076
114696
2135490589
114696
2134638621
114788
2135490589
114788
2134638621
114788
1683030076
114881
2135490589
114881
2134638621
114972
2135490589
114972
2134638621
114972
1683030076
115064
2135490589
115064
2134638621
115156
2135490589
115156
2134638621
115156
1682767963
115156
1683030076
115248
2135490589
115248
2134638621
115340
2135490589
115340
2134638621
115340
1683030076
115432
2135490589
115432
2134638621
115524
2135490589
115524
2134638621
115524
1683030076
115616
2135490589
115616
2134638621
115708
2135490589
115708
2134638621
115708
1683030076
115800
2135490589
115800
2134638621
115892
2135490589
115892
2134638621
115892
1683030076
115985
2135490589
115985
2134638621
116077
2135490589
116077
2134638621
116077
1683030076
116169
2135490589
116169
2134638621
116261
2135490589
116261
2134638621
116261
1683030076
116353
2135490589
116353
2134638621
116445
2135490589
116445
2134638621
116445
1683030076
116537
2135490589
116537
2134638621
116629
2135490589
116629
2134638621
116629
1682767963
116629
1683030076
116721
2135490589
116721
2134638621
116813
2135490589
116813
2134638621
116813
1683030076
116905
2135490589
116905
2134638621
116997
2135490589
116997
2134638621
116997
1683030076
117090
2135490589
117090
2134638621
117182
2135490589
117182
2134638621
117182
1683030076
117273
2135490589
117273
2134638621
117365
2135490589
117365
2134638621
117365
1683030076
117457
2135490589
117457
2134638621
117549
2135490589
117549
2134638621
117549
1683030076
117641
2135490589
117641
2134638621
117733
2135490589
117733
2134638621
117733
1683030076
117825
2135490589
117825
2134638621
117917
2135490589
117917
2134638621
117917
1682767963
117917
1682964573
118009
2135490589
118009
2134638621
118101
2135490589
118101
2134638621
118194
2135490589
118194
2134638621
118286
2135490589
118286
2134638621
118378
2135490589
118378
2134638621
118470
2135490589
118470
2134638621
118470
1683030076
118562
2135490589
118562
2134638621
118654
2135490589
118654
2134638621
118654
1683030076
118746
2135490589
118746
2134638621
118838
2135490589
118838
2134638621
118838
1682767963
118838
1683030076
118930
2135490589
118930
2134638621
119022
2135490589
119022
2134638621
119022
2135556125
119022
2134704157
119114
2135490589
119114
2134638621
119114
1682636859
119114
1681784891
119206
2135490589
119206
2134638621
119206
2135556125
119206
2134704157
119298
2135490589
119298
2134638621
119390
2135490589
119390
2134638621
119390
1682767963
119390
1683030076
119482
2135490589
119482
2134638621
119574
2135490589
119574
2134638621
119574
2135556125
119574
2134704157
119666
2135490589
119666
2134638621
119666
1682636859
119666
1681784891
119758
2135490589
119758
2134638621
119758
2135556125
119758
2134704157
119850
2135490589
119850
2134638621
119942
1682636859
119942
1681784891
119942
2135556125
119942
2134704157
120127
1682636859
120127
1681784891
120127
2135556125
120127
2134704157
120311
1682767963
120403
1682767963
120496
1682767963
120588
1682767963
120681
1682767963
120774
1682767963
120867
1682767963
120960
1682767963
121052
1682767963
121145
1682767963
121238
1682767963
121330
1682767963
121423
1682767963
121516
1682767963
121608
1682767963
121701
1682767963
121794
1682767963
121886
1682767963
121979
1682767963
122071
1682767963
122164
1682767963
122257
1682767963
122350
1682767963
122442
1682767963
122535
1682767963
122628
1682767963
122720
1682767963
122813
1682767963
122906
1682767963
122998
1682767963
123091
1682767963
123183
1682767963
123276
1682767963
123369
1682767963
123462
1682767963
123555
1682767963
123647
1682767963
123740
1682767963
123833
1682767963
123925
1682767963
124018
1682767963
124111
1682767963
124203
1682767963
124296
1682767963
124389
1682767963
124481
1682767963
124574
1682767963
124666
1682767963
124759
1682767963
124852
1682767963
124945
1682767963
125038
1682767963
125130
1682767963
125223
1682767963
125316
1682767963
125408
1682767963
125501
1682767963
125593
1682767963
125686
1682767963
125778
1682767963
125871
1682767963
125964
1682767963
126057
1682767963
126150
1682767963
126242
1682767963
126335
1682767963
126427
1682767963
126520
1682767963
126612
1682767963
126705
1682767963
126798
2135490589
126798
2134638621
126798
1682833500
126890
1682767963
126982
1682767963
127075
1682767963
127167
2135490589
127167
2134638621
127167
1682833500
127260
1682767963
127352
1682767963
127445
1682767963
127537
2135490589
127537
2134638621
127537
1682833500
127630
1682767963
127722
1682767963
127815
1682767963
127907
1682767963
128000
1682767963
128092
1682767963
128185
1682767963
128278
2135490589
128278
2134638621
128278
1682833500
128370
1682767963
128462
1682767963
128555
1682767963
128647
2135490589
128647
2134638621
128647
1682833500
128740
1682767963
128832
1682767963
128925
1682767963
129017
2135490589
129017
2134638621
129017
1682833500
129110
1682767963
129202
1682767963
129295
1682767963
129387
1682767963
129480
1682767963
129572
1682767963
129665
1682767963
129758
2135490589
129758
2134638621
129758
1682833500
129850
1682767963
129942
1682767963
130035
1682767963
130126
2135490589
130126
2134638621
130126
1682833500
130220
1682767963
130312
1682767963
130405
1682767963
130498
2135490589
130498
2134638621
130498
1682833500
130590
1682767963
130682
2135490589
130682
2134638621
130682
1682964573
130775
2135490589
130775
2134638621
130775
1682833500
130868
2135490589
130868
2134638621
130868
1682964573
130960
2135490589
130960
2134638621
131052
2135490589
131052
2134638621
131052
1683030076
131145
2135490589
131145
2134638621
131145
1682833500
131237
2135490589
131237
2134638621
131237
1683030076
131330
2135490589
131330
2134638621
131422
2135490589
131422
2134638621
131422
1682964573
131515
2135490589
131515
2134638621
131515
1682833500
131607
2135490589
131607
2134638621
131607
1682964573
131700
2135490589
131700
2134638621
131792
2135490589
131792
2134638621
131792
1683030076
131885
2135490589
131885
2134638621
131978
2135490589
131978
2134638621
131978
1682767963
132071
2135490589
132071
2134638621
132071
1682767963
132162
2135490589
132162
2134638621
132162
1683030076
132255
2135490589
132255
2134638621
132347
2135490589
132347
2134638621
132440
2135490589
132440
2134638621
132532
2135490589
132532
2134638621
132532
1682833500
132625
2135490589
132625
2134638621
132718
2135490589
132718
2134638621
132718
1682833500
132811
2135490589
132811
2134638621
132902
1682767963
132902
1682833500
133087
2135490589
133087
2134638621
133087
1682833500
133272
2135490589
133272
2134638621
133272
1682833500
133643
2135490589
133643
2134638621
133643
1683030076
133736
2135490589
133736
2134638621
133828
2135490589
133828
2134638621
133921
2135490589
133921
2134638621
134013
2135490589
134013
2134638621
134013
1682833500
134106
2135490589
134106
2134638621
134198
2135490589
134198
2134638621
134198
1682833500
134291
2135490589
134291
2134638621
134383
1682767963
134383
1682833500
134568
2135490589
134568
2134638621
134568
1682833500
134753
1682767963
134784
1682767963
134938
2135490589
134938
2134638621
134938
1682833500
135493
2135490589
135493
2134638621
135493
1683030076
135587
2135490589
135587
2134638621
135679
2135490589
135679
2134638621
135772
2135490589
135772
2134638621
135864
2135490589
135864
2134638621
135864
1682833500
135957
2135490589
135957
2134638621
136049
2135490589
136049
2134638621
136049
1682833500
136143
2135490589
136143
2134638621
136235
1682767963
136235
1682833500
136422
2135490589
136422
2134638621
136422
1682833500
136607
2135490589
136607
2134638621
136607
1682833500
136792
1682767963
136978
2135490589
136978
2134638621
136978
1682964573
137070
2135490589
137070
2134638621
137164
2135490589
137164
2134638621
137164
1682964573
137256
2135490589
137256
2134638621
137349
2135490589
137349
2134638621
137349
1682964573
137443
2135490589
137443
2134638621
137536
2135490589
137536
2134638621
137536
1682964573
137629
2135490589
137629
2134638621
137721
2135490589
137721
2134638621
137721
1682767963
137721
1682964573
137813
2135490589
137813
2134638621
137906
2135490589
137906
2134638621
137906
1683030076
137999
2135490589
137999
2134638621
137999
1682833500
138092
2135490589
138092
2134638621
138092
1683030076
138186
2135490589
138186
2134638621
138278
2135490589
138278
2134638621
138372
2135490589
138372
2134638621
138464
2135490589
138464
2134638621
138464
1682833500
138557
2135490589
138557
2134638621
138650
2135490589
138650
2134638621
138650
1682833500
138743
2135490589
138743
2134638621
138835
1682767963
138835
1682833500
139020
2135490589
139020
2134638621
139020
1682833500
139206
2135490589
139206
2134638621
139206
1682833500
139578
2135490589
139578
2134638621
139578
1683030076
139671
2135490589
139671
2134638621
139763
2135490589
139763
2134638621
139856
2135490589
139856
2134638621
139948
2135490589
139948
2134638621
139948
1682833500
140040
2135490589
140040
2134638621
140132
2135490589
140132
2134638621
140132
1682833500
140225
2135490589
140225
2134638621
140317
1682767963
140410
1682767963
140502
1681850426
140502
1682702394
140595
1682767963
140687
1682636859
140687
1681784891
140780
1682636859
140780
1681784891
140872
2135490589
140872
2134638621
140872
1683030076
141427
2135490589
141427
2134638621
141427
1683030076
141521
2135490589
141521
2134638621
141613
2135490589
141613
2134638621
141706
2135490589
141706
2134638621
141797
2135490589
141797
2134638621
141797
1682833500
141890
2135490589
141890
2134638621
141982
2135490589
141982
2134638621
141982
1682833500
142075
2135490589
142075
2134638621
142167
1682767963
142167
1682833500
142353
2135490589
142353
2134638621
142353
1682833500
142537
2135490589
142537
2134638621
142537
1682833500
142722
1682767963
142907
2135490589
142907
2134638621
142907
1682964573
142999
2135490589
142999
2134638621
143092
2135490589
143092
2134638621
143092
1682964573
143184
2135490589
143184
2134638621
143277
2135490589
143277
2134638621
143277
1682964573
143369
2135490589
143369
2134638621
143462
2135490589
143462
2134638621
143462
1682964573
143554
2135490589
143554
2134638621
143647
1682767963
143647
1682964573
143832
2135490589
143832
2134638621
143924
2135490589
143924
2134638621
144017
2135556125
144017
2134704157
144109
1682767963
144202
1682767963
144294
2135490589
144294
2134638621
144387
1682964573
144572
2135490589
144572
2134638621
144756
1682767963
144756
1682833500
144941
2135490589
144941
2134638621
145126
1682964573
145311
2135490589
145311
2134638621
145496
2135556125
145496
2134704157
145590
1682767963
145682
1682767963
145775
2135490589
145775
2134638621
145866
1682964573
146052
2135490589
146052
2134638621
146236
1682767963
146236
1682833500
146422
2135490589
146422
2134638621
146606
1682964573
146791
2135490589
146791
2134638621
146976
2135556125
146976
2134704157
147070
1682767963
147162
1682767963
147254
2135490589
147254
2134638621
147346
1682964573
147531
2135490589
147531
2134638621
147716
1682767963
147716
1682833500
147901
2135490589
147901
2134638621
148086
1682964573
148272
2135490589
148272
2134638621
148456
2135556125
148456
2134704157
148549
1682767963
148641
1682767963
148733
2135490589
148733
2134638621
148825
1682964573
149011
2135490589
149011
2134638621
149195
1682767963
149195
1682833500
149380
2135490589
149380
2134638621
149565
1682767963
149565
1682964573
149750
2135490589
149750
2134638621
149935
2135556125
149935
2134704157
150029
1682767963
150120
1682767963
150213
2135490589
150213
2134638621
150305
1682964573
150491
2135490589
150491
2134638621
150675
1682767963
150675
1683030076
150861
2135490589
150861
2134638621
151045
1682964573
151230
2135490589
151230
2134638621
151415
2135556125
151415
2134704157
151508
1682767963
151600
1682767963
151692
2135490589
151692
2134638621
151785
1682964573
151970
2135490589
151970
2134638621
152155
1682767963
152155
1683030076
152340
2135490589
152340
2134638621
152525
1682964573
152710
2135490589
152710
2134638621
152895
2135556125
152895
2134704157
152987
1682767963
153080
1682767963
153171
2135490589
153171
2134638621
153264
1682964573
153450
2135490589
153450
2134638621
153634
1682767963
153634
1683030076
153820
2135490589
153820
2134638621
154004
1682964573
154190
2135490589
154190
2134638621
154252
2135490589
154252
2134638621
154314
2135490589
154314
2134638621
154375
1682636859
154375
1681784891
154375
2135556125
154375
2134704157
155855
2135490589
155855
2134638621
155855
1682833500
155855
1683030076
156041
2135490589
156041
2134638621
156134
2135490589
156134
2134638621
156227
2135490589
156227
2134638621
156227
1683030076
156320
2135490589
156320
2134638621
156413
2135490589
156413
2134638621
156506
2135490589
156506
2134638621
156599
1682767963
156599
1683030076
156785
2135490589
156785
2134638621
156971
2135490589
156971
2134638621
156971
1683030076
157157
2135490589
157157
2134638621
157157
1682833500
157343
1683030076
157529
2135490589
157529
2134638621
157715
2135490589
157715
2134638621
157715
1683030076
158088
1682767963
158088
1683030076
158463
1683030076
158650
1682767963
158744
1682767963
158838
2135490589
158838
2134638621
158838
1683030076
159026
2135490589
159026
2134638621
159120
2135490589
159120
2134638621
159214
2135490589
159214
2134638621
159214
1683030076
159307
2135490589
159307
2134638621
159401
2135490589
159401
2134638621
159495
2135490589
159495
2134638621
159589
1682767963
159589
1683030076
159777
2135490589
159777
2134638621
159964
2135490589
159964
2134638621
159964
1683030076
160152
2135490589
160152
2134638621
160152
1682833500
160340
1683030076
160527
2135490589
160527
2134638621
160715
2135490589
160715
2134638621
160715
1683030076
161087
1682767963
161087
1683030076
161273
1682767963
161366
1682767963
161459
2135490589
161459
2134638621
161459
1683030076
161644
2135490589
161644
2134638621
161644
1682833500
161831
1683030076
162017
2135490589
162017
2134638621
162203
2135490589
162203
2134638621
162203
1683030076
162388
1682767963
162574
1683030076
162760
1682767963
162760
2135556125
162760
2134704157
162946
1682767963
162946
2135556125
162946
2134704157
163132
1682767963
163132
2135556125
163132
2134704157
163318
2135490589
163318
2134638621
163318
1683030076
163504
2135490589
163504
2134638621
163597
2135490589
163597
2134638621
163690
2135490589
163690
2134638621
163690
1683030076
163783
2135490589
163783
2134638621
163876
2135490589
163876
2134638621
163969
2135490589
163969
2134638621
164062
1682767963
164062
1683030076
164248
2135490589
164248
2134638621
164434
2135490589
164434
2134638621
164434
1683030076
164620
2135490589
164620
2134638621
164620
1682833500
164806
1683030076
164991
2135490589
164991
2134638621
165177
2135490589
165177
2134638621
165177
1683030076
165550
1682767963
165550
1683030076
165737
1682767963
165923
1683030076
166110
2135490589
166110
2134638621
166296
2135490589
166296
2134638621
166296
1682833500
166296
1683030076
166483
2135490589
166483
2134638621
166576
2135490589
166576
2134638621
166669
2135490589
166669
2134638621
166669
1683030076
166762
2135490589
166762
2134638621
166855
2135490589
166855
2134638621
166949
2135490589
166949
2134638621
167042
1682767963
167042
1683030076
167228
2135490589
167228
2134638621
167415
2135490589
167415
2134638621
167415
1683030076
167601
2135490589
167601
2134638621
167601
1682833500
167788
1683030076
167974
2135490589
167974
2134638621
168161
2135490589
168161
2134638621
168161
1683030076
168533
1682767963
168533
1683030076
168906
2135490589
168906
2134638621
168906
1683030076
169093
2135490589
169093
2134638621
169093
1682833500
169279
1683030076
169466
2135490589
169466
2134638621
169652
2135490589
169652
2134638621
169652
1683030076
169839
1682767963
170025
1683030076
170212
1681850426
170212
1682702394
170305
1681850426
170305
1682702394
170398
1682636859
170398
1681784891
170491
1682636859
170491
1681784891
170584
2135556125
170584
2134704157
170678
2135556125
170678
2134704157
170771
2135490589
170771
2134638621
170771
1683030076
170957
2135490589
170957
2134638621
171050
2135490589
171050
2134638621
171143
2135490589
171143
2134638621
171143
1682833500
171235
2135490589
171235
2134638621
171328
2135490589
171328
2134638621
171421
2135490589
171421
2134638621
171514
1682767963
171514
1682833500
171700
2135490589
171700
2134638621
171886
2135490589
171886
2134638621
171886
1682833500
172072
2135490589
172072
2134638621
172072
1683030076
172258
1682833500
172444
2135490589
172444
2134638621
172630
2135490589
172630
2134638621
172630
1682833500
173002
1682767963
173002
1682833500
173373
1682833500
173559
1682767963
173652
1682767963
173745
2135490589
173745
2134638621
173745
1682833500
173931
2135490589
173931
2134638621
174024
2135490589
174024
2134638621
174117
2135490589
174117
2134638621
174117
1682833500
174210
2135490589
174210
2134638621
174303
2135490589
174303
2134638621
174396
2135490589
174396
2134638621
174489
1682767963
174489
1682833500
174675
2135490589
174675
2134638621
174861
2135490589
174861
2134638621
174861
1682833500
175046
2135490589
175046
2134638621
175046
1683030076
175232
1682833500
175418
2135490589
175418
2134638621
175604
2135490589
175604
2134638621
175604
1682833500
175978
1682767963
175978
1682833500
176352
2135490589
176352
2134638621
176352
1682833500
176538
2135490589
176538
2134638621
176538
1683030076
176725
1682833500
176912
2135490589
176912
2134638621
177099
2135490589
177099
2134638621
177099
1682833500
177286
1682767963
177473
1682833500
177659
1682767963
177752
1682767963
177846
2135490589
177846
2134638621
177846
1682833500
177940
1682767963
178033
1682767963
178127
1682767963
178220
2135490589
178220
2134638621
178220
1683030076
178407
2135490589
178407
2134638621
178501
2135490589
178501
2134638621
178594
2135490589
178594
2134638621
178594
1682833500
178687
2135490589
178687
2134638621
178780
2135490589
178780
2134638621
178873
2135490589
178873
2134638621
178967
1682767963
178967
1682833500
179154
2135490589
179154
2134638621
179341
2135490589
179341
2134638621
179341
1682833500
179528
2135490589
179528
2134638621
179528
1683030076
179715
1682833500
179901
2135490589
179901
2134638621
180088
2135490589
180088
2134638621
180088
1682833500
180462
1682767963
180462
1682833500
180649
1682964573
180836
1682833500
181023
2135490589
181023
2134638621
181210
2135490589
181210
2134638621
181210
1683030076
181395
2135490589
181395
2134638621
181487
2135490589
181487
2134638621
181580
2135490589
181580
2134638621
181580
1682833500
181673
2135490589
181673
2134638621
181765
2135490589
181765
2134638621
181858
2135490589
181858
2134638621
181950
1682767963
181950
1682833500
182136
2135490589
182136
2134638621
182321
2135490589
182321
2134638621
182321
1682833500
182505
2135490589
182505
2134638621
182505
1683030076
182691
1682833500
182877
2135490589
182877
2134638621
183062
2135490589
183062
2134638621
183062
1682833500
183432
1682767963
183432
1682833500
183803
2135490589
183803
2134638621
183803
1682833500
183987
2135490589
183987
2134638621
183987
1683030076
184173
1682833500
184358
2135490589
184358
2134638621
184543
2135490589
184543
2134638621
184543
1682833500
184729
1682767963
184915
1682833500
185100
1682636859
185100
1681784891
185100
2135556125
185100
2134704157
185286
1682636859
185286
1681784891
185286
2135556125
185286
2134704157
185471
1682636859
185471
1681784891
185471
2135556125
185471
2134704157
196737
1682964573
196920
1682833500
197104
1682964573
197288
1682833500
197472
1682964573
203165
1682833500
203349
1682964573
207389
2135490589
207389
2134638621
207389
1682833500
207389
1683030076
209233
2135490589
209233
2134638621
209233
1682767963
209233
1683030076
209326
2135490589
209326
2134638621
209418
2135490589
209418
2134638621
209418
1683030076
209510
2135490589
209510
2134638621
209602
2135490589
209602
2134638621
209602
1682767963
209602
1683030076
209694
2135490589
209694
2134638621
209786
2135490589
209786
2134638621
209786
1683030076
209878
2135490589
209878
2134638621
209970
2135490589
209970
2134638621
209970
1682767963
209970
1683030076
210062
2135490589
210062
2134638621
210155
2135490589
210155
2134638621
210155
1683030076
210247
2135490589
210247
2134638621
210339
2135490589
210339
2134638621
210339
1682767963
210339
1683030076
210431
2135490589
210431
2134638621
210523
2135490589
210523
2134638621
210523
1683030076
210616
2135490589
210616
2134638621
210708
2135490589
210708
2134638621
210708
1682767963
210708
1683030076
210800
2135490589
210800
2134638621
210892
2135490589
210892
2134638621
210892
1683030076
210984
2135490589
210984
2134638621
211076
2135490589
211076
2134638621
211076
1682767963
211076
1683030076
211169
2135490589
211169
2134638621
211261
2135490589
211261
2134638621
211261
1683030076
211353
2135490589
211353
2134638621
211445
2135490589
211445
2134638621
211445
1682767963
211445
1683030076
211537
2135490589
211537
2134638621
211629
2135490589
211629
2134638621
211629
1683030076
211722
2135490589
211722
2134638621
211814
2135490589
211814
2134638621
211814
1682767963
211814
1683030076
211906
2135490589
211906
2134638621
211998
2135490589
211998
2134638621
211998
1683030076
212090
2135490589
212090
2134638621
212182
2135490589
212182
2134638621
212182
1682767963
212182
1683030076
212275
2135490589
212275
2134638621
212367
2135490589
212367
2134638621
212367
1683030076
212459
2135490589
212459
2134638621
212551
2135490589
212551
2134638621
212551
1682767963
212551
1683030076
212643
2135490589
212643
2134638621
212735
2135490589
212735
2134638621
212735
1683030076
212828
2135490589
212828
2134638621
212920
2135490589
212920
2134638621
212920
1682767963
212920
1683030076
213012
2135490589
213012
2134638621
213104
2135490589
213104
2134638621
213104
1683030076
213196
2135490589
213196
2134638621
213288
2135490589
213288
2134638621
213288
1682767963
213288
1683030076
213380
2135490589
213380
2134638621
213473
2135490589
213473
2134638621
213473
1683030076
213565
2135490589
213565
2134638621
213657
2135490589
213657
2134638621
213657
1682767963
213657
1683030076
213749
2135490589
213749
2134638621
213841
2135490589
213841
2134638621
213841
1683030076
213934
2135490589
213934
2134638621
214026
2135490589
214026
2134638621
214026
1682767963
214026
1683030076
214118
2135490589
214118
2134638621
214210
2135490589
214210
2134638621
214210
1683030076
214302
2135490589
214302
2134638621
214394
2135490589
214394
2134638621
214394
1682767963
214394
1683030076
214486
2135490589
214486
2134638621
214579
2135490589
214579
2134638621
214579
1683030076
214671
2135490589
214671
2134638621
214763
2135490589
214763
2134638621
214763
1682767963
214763
1682964573
214855
2135490589
214855
2134638621
214947
2135490589
214947
2134638621
214947
1682767963
214947
1683030076
215040
2135490589
215040
2134638621
215132
2135490589
215132
2134638621
215132
1682767963
215132
1682964573
215224
2135490589
215224
2134638621
215316
2135490589
215316
2134638621
215316
1683030076
215408
2135490589
215408
2134638621
215500
2135490589
215500
2134638621
215500
1682767963
215500
1683030076
215593
2135490589
215593
2134638621
215685
2135490589
215685
2134638621
215685
1683030076
215777
2135490589
215777
2134638621
215869
2135490589
215869
2134638621
215869
1682767963
215869
1683030076
215962
2135490589
215962
2134638621
216053
2135490589
216053
2134638621
216053
1683030076
216146
2135490589
216146
2134638621
216238
2135490589
216238
2134638621
216238
1682767963
216238
1683030076
216330
2135490589
216330
2134638621
216422
2135490589
216422
2134638621
216422
1683030076
216514
2135490589
216514
2134638621
216606
2135490589
216606
2134638621
216606
1682767963
216606
1683030076
216699
2135490589
216699
2134638621
216791
2135490589
216791
2134638621
216791
1683030076
216883
2135490589
216883
2134638621
216975
2135490589
216975
2134638621
216975
1682767963
216975
1683030076
217068
2135490589
217068
2134638621
217160
2135490589
217160
2134638621
217160
1683030076
217252
2135490589
217252
2134638621
217344
2135490589
217344
2134638621
217344
1682767963
217344
1683030076
217436
2135490589
217436
2134638621
217528
2135490589
217528
2134638621
217528
1683030076
217620
2135490589
217620
2134638621
217712
2135490589
217712
2134638621
217712
1682767963
217712
1683030076
217805
2135490589
217805
2134638621
217897
2135490589
217897
2134638621
217897
1683030076
217989
2135490589
217989
2134638621
218081
2135490589
218081
2134638621
218081
1682767963
218081
1683030076
218173
2135490589
218173
2134638621
218265
2135490589
218265
2134638621
218265
1683030076
218358
2135490589
218358
2134638621
218450
2135490589
218450
2134638621
218450
1682767963
218450
1683030076
218542
2135490589
218542
2134638621
218634
2135490589
218634
2134638621
218634
1683030076
218726
2135490589
218726
2134638621
218818
2135490589
218818
2134638621
218818
1682767963
218818
1683030076
218911
2135490589
218911
2134638621
219003
2135490589
219003
2134638621
219003
1683030076
219095
2135490589
219095
2134638621
219187
2135490589
219187
2134638621
219187
1682767963
219187
1683030076
219279
2135490589
219279
2134638621
219371
2135490589
219371
2134638621
219371
1683030076
219464
2135490589
219464
2134638621
219556
2135490589
219556
2134638621
219556
1682767963
219556
1682964573
219649
2135490589
219649
2134638621
219740
2135490589
219740
2134638621
219740
1683030076
219832
2135490589
219832
2134638621
219832
1682767963
219924
2135490589
219924
2134638621
219924
1683030076
220017
2135490589
220017
2134638621
220109
2135490589
220109
2134638621
220109
1682767963
220109
1682964573
220201
2135490589
220201
2134638621
220293
2135490589
220293
2134638621
220293
1683030076
220385
2135490589
220385
2134638621
220385
1682767963
220477
2135490589
220477
2134638621
220477
1682767963
220570
2135490589
220570
2134638621
220570
1682767963
220662
2135490589
220662
2134638621
220662
1682767963
220754
2135490589
220754
2134638621
220754
1682767963
220846
2135490589
220846
2134638621
220846
1682767963
220938
2135490589
220938
2134638621
220938
1682767963
221030
2135490589
221030
2134638621
221030
1683030076
221123
2135490589
221123
2134638621
221215
2135490589
221215
2134638621
221307
2135490589
221307
2134638621
221399
2135490589
221399
2134638621
221399
1682767963
221399
1682833500
221491
2135490589
221491
2134638621
221583
2135490589
221583
2134638621
221583
1682833500
221676
2135490589
221676
2134638621
221768
2135490589
221768
2134638621
221768
1682833500
221860
2135490589
221860
2134638621
221952
2135490589
221952
2134638621
221952
1682833500
222044
2135490589
222044
2134638621
222136
2135490589
222136
2134638621
222136
1682767963
222136
1682833500
222229
2135490589
222229
2134638621
222321
2135490589
222321
2134638621
222321
1682833500
222413
2135490589
222413
2134638621
222505
2135490589
222505
2134638621
222505
1682833500
222597
2135490589
222597
2134638621
222690
2135490589
222690
2134638621
222690
1682833500
222782
2135490589
222782
2134638621
222874
2135490589
222874
2134638621
222874
1682767963
222874
1682833500
222966
2135490589
222966
2134638621
223058
2135490589
223058
2134638621
223058
1682833500
223150
2135490589
223150
2134638621
223242
2135490589
223242
2134638621
223242
1682833500
223335
2135490589
223335
2134638621
223427
2135490589
223427
2134638621
223427
1682833500
223519
2135490589
223519
2134638621
223611
2135490589
223611
2134638621
223611
1682767963
223611
1682833500
223704
2135490589
223704
2134638621
223796
2135490589
223796
2134638621
223796
1682833500
223888
2135490589
223888
2134638621
223980
2135490589
223980
2134638621
223980
1682833500
224072
2135490589
224072
2134638621
224164
2135490589
224164
2134638621
224164
1682833500
224256
2135490589
224256
2134638621
224348
2135490589
224348
2134638621
224348
1682767963
224441
2135490589
224441
2134638621
224533
2135490589
224533
2134638621
224533
1683030076
224625
2135490589
224625
2134638621
224625
1682833500
224717
2135490589
224717
2134638621
224717
1683030076
224810
2135490589
224810
2134638621
224902
2135490589
224902
2134638621
224994
2135490589
224994
2134638621
225086
2135490589
225086
2134638621
225086
1682767963
225086
1682833500
225179
2135490589
225179
2134638621
225270
2135490589
225270
2134638621
225270
1682833500
225362
2135490589
225362
2134638621
225454
2135490589
225454
2134638621
225454
1682833500
225547
2135490589
225547
2134638621
225639
2135490589
225639
2134638621
225639
1682833500
225731
2135490589
225731
2134638621
225823
2135490589
225823
2134638621
225823
1682767963
225823
1682833500
225915
2135490589
225915
2134638621
226008
2135490589
226008
2134638621
226008
1682964573
226100
2135490589
226100
2134638621
226100
1682833500
226192
2135490589
226192
2134638621
226192
1682964573
226284
2135490589
226284
2134638621
226284
1682833500
226376
2135490589
226376
2134638621
226376
1683030076
226468
2135490589
226468
2134638621
226468
1682833500
226560
2135490589
226560
2134638621
226560
1683030076
226654
2135490589
226654
2134638621
226654
1682833500
226746
2135490589
226746
2134638621
226746
1683030076
226838
2135490589
226838
2134638621
226838
1682833500
226929
2135490589
226929
2134638621
226929
1683030076
227021
2135490589
227021
2134638621
227114
2135490589
227114
2134638621
227206
2135490589
227206
2134638621
227298
2135490589
227298
2134638621
227298
1682767963
227298
1682833500
227391
2135490589
227391
2134638621
227482
2135490589
227482
2134638621
227482
1682833500
227574
2135490589
227574
2134638621
227666
2135490589
227666
2134638621
227666
1682833500
227759
2135490589
227759
2134638621
227851
2135490589
227851
2134638621
227851
1682833500
227943
2135490589
227943
2134638621
228035
2135490589
228035
2134638621
228035
1682767963
228035
1682833500
228128
2135490589
228128
2134638621
228220
2135490589
228220
2134638621
228220
1682833500
228312
2135490589
228312
2134638621
228404
2135490589
228404
2134638621
228404
1682833500
228495
2135490589
228495
2134638621
228588
2135490589
228588
2134638621
228588
1682833500
228680
2135490589
228680
2134638621
228772
2135490589
228772
2134638621
228772
1682767963
228772
1682833500
228865
2135490589
228865
2134638621
228957
2135490589
228957
2134638621
228957
1682833500
229049
2135490589
229049
2134638621
229141
2135490589
229141
2134638621
229141
1682833500
229234
2135490589
229234
2134638621
229326
2135490589
229326
2134638621
229326
1682833500
229418
2135490589
229418
2134638621
229510
2135490589
229510
2134638621
229510
1682767963
229510
1682833500
229603
2135490589
229603
2134638621
229694
2135490589
229694
2134638621
229694
1682833500
229786
2135490589
229786
2134638621
229878
2135490589
229878
2134638621
229878
1682833500
229971
2135490589
229971
2134638621
230063
2135490589
230063
2134638621
230063
1682833500
230155
2135490589
230155
2134638621
230247
2135490589
230247
2134638621
230247
1682767963
230340
2135490589
230340
2134638621
230432
2135490589
230432
2134638621
230432
1683030076
230524
2135490589
230524
2134638621
230616
2135490589
230616
2134638621
230709
2135490589
230709
2134638621
230800
2135490589
230800
2134638621
230892
2135490589
230892
2134638621
230984
2135490589
230984
2134638621
230984
1682767963
230984
1682833500
231078
2135490589
231078
2134638621
231169
2135490589
231169
2134638621
231169
1682833500
231261
2135490589
231261
2134638621
231353
2135490589
231353
2134638621
231353
1682767963
231353
1682833500
231445
2135490589
231445
2134638621
231538
2135490589
231538
2134638621
231538
2135556125
231538
2134704157
231630
2135490589
231630
2134638621
231630
1682636859
231630
1681784891
231722
2135490589
231722
2134638621
231722
2135556125
231722
2134704157
231814
2135490589
231814
2134638621
231906
2135490589
231906
2134638621
231906
1682636859
231906
1681784891
231906
2135556125
231906
2134704157
231998
2135490589
231998
2134638621
232090
2135490589
232090
2134638621
232090
1682767963
232183
2135490589
232183
2134638621
232183
1682767963
232275
2135490589
232275
2134638621
232275
1682636859
232275
1681784891
232367
2135490589
232367
2134638621
232459
2135490589
232459
2134638621
232459
1682636859
232459
1681784891
232459
2135556125
232459
2134704157
232551
2135490589
232551
2134638621
232644
2135490589
232644
2134638621
232644
2135556125
232644
2134704157
232736
2135490589
232736
2134638621
232736
2135556125
232736
2134704157
232828
2135490589
232828
2134638621
232828
1683030076
232920
2135490589
232920
2134638621
233012
2135490589
233012
2134638621
233012
1683030076
233104
2135490589
233104
2134638621
233196
2135490589
233196
2134638621
233196
1683030076
233289
2135490589
233289
2134638621
233381
2135490589
233381
2134638621
233381
1683030076
233473
2135490589
233473
2134638621
233565
2135490589
233565
2134638621
233565
1682767963
233565
1683030076
233657
2135490589
233657
2134638621
233750
2135490589
233750
2134638621
233750
1683030076
233842
2135490589
233842
2134638621
233934
2135490589
233934
2134638621
233934
1683030076
234026
2135490589
234026
2134638621
234118
2135490589
234118
2134638621
234118
1683030076
234210
2135490589
234210
2134638621
234302
2135490589
234302
2134638621
234302
1683030076
234395
2135490589
234395
2134638621
234487
2135490589
234487
2134638621
234487
1683030076
234579
2135490589
234579
2134638621
234671
2135490589
234671
2134638621
234671
1683030076
234764
2135490589
234764
2134638621
234856
2135490589
234856
2134638621
234856
1683030076
234948
2135490589
234948
2134638621
235040
2135490589
235040
2134638621
235040
1682767963
235040
1683030076
235132
2135490589
235132
2134638621
235224
2135490589
235224
2134638621
235224
1683030076
235316
2135490589
235316
2134638621
235408
2135490589
235408
2134638621
235408
1683030076
235502
2135490589
235502
2134638621
235593
2135490589
235593
2134638621
235593
1683030076
235685
2135490589
235685
2134638621
235777
2135490589
235777
2134638621
235777
1683030076
235869
2135490589
235869
2134638621
235962
2135490589
235962
2134638621
235962
1683030076
236054
2135490589
236054
2134638621
236146
2135490589
236146
2134638621
236146
1683030076
236238
2135490589
236238
2134638621
236330
2135490589
236330
2134638621
236330
1682964573
236423
2135490589
236423
2134638621
236515
2135490589
236515
2134638621
236515
1682767963
236515
1683030076
236607
2135490589
236607
2134638621
236699
2135490589
236699
2134638621
236699
1683030076
236791
2135490589
236791
2134638621
236883
2135490589
236883
2134638621
236883
1683030076
236976
2135490589
236976
2134638621
237068
2135490589
237068
2134638621
237068
1683030076
237160
2135490589
237160
2134638621
237252
2135490589
237252
2134638621
237252
1683030076
237344
2135490589
237344
2134638621
237436
2135490589
237436
2134638621
237436
1683030076
237529
2135490589
237529
2134638621
237621
2135490589
237621
2134638621
237621
1683030076
237713
2135490589
237713
2134638621
237805
2135490589
237805
2134638621
237805
1683030076
237897
2135490589
237897
2134638621
237989
2135490589
237989
2134638621
237989
1682767963
237989
1682964573
238081
2135490589
238081
2134638621
238174
2135490589
238174
2134638621
238174
1682964573
238266
2135490589
238266
2134638621
238266
1682767963
238358
2135490589
238358
2134638621
238358
1682964573
238452
2135490589
238452
2134638621
238452
1682767963
238544
2135490589
238544
2134638621
238544
1683030076
238636
2135490589
238636
2134638621
238636
1682833500
238727
2135490589
238727
2134638621
238727
1683030076
238819
2135490589
238819
2134638621
238911
2135490589
238911
2134638621
238911
1683030076
239003
2135490589
239003
2134638621
239095
2135490589
239095
2134638621
239095
1683030076
239188
2135490589
239188
2134638621
239280
2135490589
239280
2134638621
239280
1683030076
239372
2135490589
239372
2134638621
239464
2135490589
239464
2134638621
239464
1682767963
239464
1683030076
239556
2135490589
239556
2134638621
239648
2135490589
239648
2134638621
239648
1683030076
239741
2135490589
239741
2134638621
239833
2135490589
239833
2134638621
239833
1683030076
239925
2135490589
239925
2134638621
240017
2135490589
240017
2134638621
240017
1683030076
240109
2135490589
240109
2134638621
240201
2135490589
240201
2134638621
240201
1683030076
240294
2135490589
240294
2134638621
240387
2135490589
240387
2134638621
240387
1683030076
240479
2135490589
240479
2134638621
240571
2135490589
240571
2134638621
240571
1683030076
240663
2135490589
240663
2134638621
240755
2135490589
240755
2134638621
240755
1683030076
240847
2135490589
240847
2134638621
240940
2135490589
240940
2134638621
240940
1682767963
240940
1683030076
241032
2135490589
241032
2134638621
241125
2135490589
241125
2134638621
241125
1683030076
241217
2135490589
241217
2134638621
241309
2135490589
241309
2134638621
241309
1683030076
241403
2135490589
241403
2134638621
241495
2135490589
241495
2134638621
241495
1683030076
241587
2135490589
241587
2134638621
241679
2135490589
241679
2134638621
241679
1683030076
241771
2135490589
241771
2134638621
241863
2135490589
241863
2134638621
241863
1683030076
241956
2135490589
241956
2134638621
242048
2135490589
242048
2134638621
242048
1683030076
242141
2135490589
242141
2134638621
242233
2135490589
242233
2134638621
242233
1682964573
242326
2135490589
242326
2134638621
242418
2135490589
242418
2134638621
242418
1682767963
242418
1683030076
242511
2135490589
242511
2134638621
242603
2135490589
242603
2134638621
242603
1683030076
242695
2135490589
242695
2134638621
242787
2135490589
242787
2134638621
242787
1683030076
242879
2135490589
242879
2134638621
242972
2135490589
242972
2134638621
242972
1683030076
243064
2135490589
243064
2134638621
243157
1682767963
243249
1681850426
243249
1682702394
243342
2135490589
243342
2134638621
243434
1682767963
243526
1682636859
243526
1681784891
243618
2135490589
243618
2134638621
243710
1682767963
243803
2135556125
243803
2134704157
243895
2135490589
243895
2134638621
243988
1682767963
244080
2135556125
244080
2134704157
244173
2135490589
244173
2134638621
244265
1682767963
244357
1681850426
244357
1682702394
244449
1682767963
244541
1681850426
244541
1682702394
244634
1682767963
244727
1681850426
244727
1682702394
244819
2135490589
244819
2134638621
244865
2135490589
244865
2134638621
244912
1682767963
245004
1682636859
245004
1681784891
245096
2135490589
245096
2134638621
245142
2135490589
245142
2134638621
245188
1682767963
245280
2135556125
245280
2134704157
245373
2135490589
245373
2134638621
245419
2135490589
245419
2134638621
245465
1682767963
245557
2135556125
245557
2134704157
245650
2135490589
245650
2134638621
245696
2135490589
245696
2134638621
245742
1682767963
245835
1681850426
245835
1682702394
245927
1682767963
246020
1681850426
246020
1682702394
246112
2135490589
246112
2134638621
246112
2135556125
246112
2134704157
246204
2135490589
246204
2134638621
246204
2135556125
246204
2134704157
246296
2135490589
246296
2134638621
246296
2135556125
246296
2134704157
246388
2135490589
246388
2134638621
246388
2135556125
246388
2134704157
246480
2135490589
246480
2134638621
246480
2135556125
246480
2134704157
