7921
1682833500
8245
1682833500
8570
2135490589
8570
2134638621
8570
1682833500
8570
1683030076
8894
1682767963
8894
1682833500
9056
2135490589
9056
2134638621
9218
1682833500
9381
2135490589
9381
2134638621
9543
1682767963
9543
1682833500
9705
2135490589
9705
2134638621
9786
2135490589
9786
2134638621
9867
2135490589
9867
2134638621
9867
1682833500
10029
2135490589
10029
2134638621
10191
1682767963
10191
1682833500
10354
2135490589
10354
2134638621
10516
1682833500
10678
2135490589
10678
2134638621
10840
1682767963
10840
1682833500
11002
2135490589
11002
2134638621
11164
2135490589
11164
2134638621
11164
1682833500
11489
1682767963
11489
1682833500
11813
2135490589
11813
2134638621
11813
1682833500
11975
2135490589
11975
2134638621
12137
1682767963
12137
1682833500
12462
2135490589
12462
2134638621
12462
1682833500
12543
2135490589
12543
2134638621
12624
2135490589
12624
2134638621
12705
2135490589
12705
2134638621
12786
2135490589
12786
2134638621
12786
1682767963
12786
1682833500
12867
2135490589
12867
2134638621
12948
2135490589
12948
2134638621
13029
2135490589
13029
2134638621
13110
2135490589
13110
2134638621
13110
1682833500
13191
2135490589
13191
2134638621
13272
2135490589
13272
2134638621
13354
2135490589
13354
2134638621
13435
2135490589
13435
2134638621
13435
1682767963
13435
1682833500
13516
2135490589
13516
2134638621
13597
2135490589
13597
2134638621
13678
2135490589
13678
2134638621
13759
2135490589
13759
2134638621
13759
1682833500
14083
1682767963
14083
1682833500
14245
2135490589
14245
2134638621
14408
1682833500
14570
2135490589
14570
2134638621
14651
2135490589
14651
2134638621
14732
1682767963
14732
1682833500
14894
2135490589
14894
2134638621
14975
2135490589
14975
2134638621
15056
2135490589
15056
2134638621
15056
1682833500
15218
2135490589
15218
2134638621
15381
1682767963
15381
1682833500
15543
2135490589
15543
2134638621
15705
1682833500
15867
2135490589
15867
2134638621
16029
1682767963
16029
1682833500
16191
2135490589
16191
2134638621
16354
2135490589
16354
2134638621
16354
1682833500
16678
1682767963
16678
1682833500
17002
2135490589
17002
2134638621
17002
1682833500
17164
2135490589
17164
2134638621
17327
1682767963
17327
1682833500
17651
2135490589
17651
2134638621
17651
1682833500
17732
2135490589
17732
2134638621
17813
2135490589
17813
2134638621
17894
2135490589
17894
2134638621
17975
2135490589
17975
2134638621
17975
1682767963
17975
1682833500
18056
2135490589
18056
2134638621
18137
2135490589
18137
2134638621
18218
2135490589
18218
2134638621
18299
2135490589
18299
2134638621
18299
1682833500
18380
2135490589
18380
2134638621
18461
2135490589
18461
2134638621
18543
2135490589
18543
2134638621
18624
2135490589
18624
2134638621
18624
1682767963
18624
1682833500
18705
2135490589
18705
2134638621
18786
2135490589
18786
2134638621
18867
2135490589
18867
2134638621
18948
2135490589
18948
2134638621
18948
1682833500
19272
1682767963
19272
1682833500
19435
2135490589
19435
2134638621
19597
1682833500
19759
2135490589
19759
2134638621
19921
1682767963
19921
1682833500
20083
2135490589
20083
2134638621
20164
2135490589
20164
2134638621
20245
2135490589
20245
2134638621
20245
1682833500
20408
2135490589
20408
2134638621
20570
1682767963
20570
1682833500
20732
2135490589
20732
2134638621
20894
1682833500
21056
2135490589
21056
2134638621
21218
1682767963
21218
1682833500
21381
2135490589
21381
2134638621
21543
2135490589
21543
2134638621
21543
1682833500
21867
1682767963
21867
1682833500
22191
2135490589
22191
2134638621
22191
1682833500
22354
2135490589
22354
2134638621
22516
1682767963
22516
1682833500
22840
2135490589
22840
2134638621
22840
1682833500
22921
2135490589
22921
2134638621
23002
2135490589
23002
2134638621
23083
2135490589
23083
2134638621
23164
2135490589
23164
2134638621
23164
1682767963
23164
1682833500
23245
2135490589
23245
2134638621
23327
2135490589
23327
2134638621
23408
2135490589
23408
2134638621
23489
2135490589
23489
2134638621
23489
1682833500
23570
2135490589
23570
2134638621
23650
2135490589
23650
2134638621
23732
2135490589
23732
2134638621
23813
2135490589
23813
2134638621
23813
1682767963
23813
1682833500
23894
2135490589
23894
2134638621
23975
2135490589
23975
2134638621
24056
2135490589
24056
2134638621
24137
2135490589
24137
2134638621
24137
1682833500
24462
1682767963
24462
1682833500
24624
2135490589
24624
2134638621
24786
1682833500
24949
2135490589
24949
2134638621
25110
1682767963
25110
1682833500
25272
2135490589
25272
2134638621
25354
2135490589
25354
2134638621
25435
2135490589
25435
2134638621
25435
1682833500
25597
2135490589
25597
2134638621
25759
1682767963
25759
1682833500
25922
2135490589
25922
2134638621
26083
1682833500
26245
2135490589
26245
2134638621
26408
1682767963
26408
1682833500
26570
2135490589
26570
2134638621
26732
2135490589
26732
2134638621
26732
1682833500
27056
1682767963
27056
1682833500
27381
2135490589
27381
2134638621
27381
1682833500
27543
2135490589
27543
2134638621
27705
1682767963
27705
1682833500
28029
2135490589
28029
2134638621
28029
1682833500
28110
2135490589
28110
2134638621
28191
2135490589
28191
2134638621
28272
2135490589
28272
2134638621
28354
2135490589
28354
2134638621
28354
1682767963
28354
1682833500
28435
2135490589
28435
2134638621
28516
2135490589
28516
2134638621
28597
2135490589
28597
2134638621
28678
2135490589
28678
2134638621
28678
1682833500
28759
2135490589
28759
2134638621
28840
2135490589
28840
2134638621
28921
2135490589
28921
2134638621
29002
2135490589
29002
2134638621
29002
1682767963
29002
1682833500
29083
2135490589
29083
2134638621
29164
2135490589
29164
2134638621
29245
2135490589
29245
2134638621
29327
2135490589
29327
2134638621
29327
1682833500
29651
1682767963
29651
1682833500
29813
2135490589
29813
2134638621
29975
1682833500
30138
2135490589
30138
2134638621
30299
1682767963
30299
1682833500
30462
2135490589
30462
2134638621
30543
2135490589
30543
2134638621
30624
2135490589
30624
2134638621
30624
1682833500
30786
2135490589
30786
2134638621
30948
1682767963
30948
1682833500
31111
2135490589
31111
2134638621
31272
1682833500
31435
2135490589
31435
2134638621
31597
1682767963
31597
1682833500
31759
2135490589
31759
2134638621
31921
2135490589
31921
2134638621
31921
1682833500
32245
1682767963
32245
1682833500
32570
2135490589
32570
2134638621
32570
1682833500
32732
2135490589
32732
2134638621
32894
1682767963
32894
1682833500
33218
2135490589
33218
2134638621
33218
1682833500
33299
2135490589
33299
2134638621
33381
2135490589
33381
2134638621
33462
2135490589
33462
2134638621
33543
2135490589
33543
2134638621
33543
1682767963
33543
1682833500
33624
2135490589
33624
2134638621
33705
2135490589
33705
2134638621
33786
2135490589
33786
2134638621
33867
2135490589
33867
2134638621
33867
1682833500
33948
2135490589
33948
2134638621
34029
2135490589
34029
2134638621
34111
2135490589
34111
2134638621
34191
2135490589
34191
2134638621
34191
1682767963
34191
1682833500
34272
2135490589
34272
2134638621
34354
2135490589
34354
2134638621
34435
2135490589
34435
2134638621
34516
2135490589
34516
2134638621
34516
1682833500
34840
1682767963
34840
1682833500
35002
2135490589
35002
2134638621
35164
1682833500
35327
2135490589
35327
2134638621
35489
1682767963
35489
1682833500
35651
2135490589
35651
2134638621
35732
2135490589
35732
2134638621
35813
2135490589
35813
2134638621
35813
1682833500
35975
2135490589
35975
2134638621
36137
1682767963
36137
1682833500
36300
2135490589
36300
2134638621
36462
1682833500
36624
2135490589
36624
2134638621
36786
1682767963
36786
1682833500
36948
2135490589
36948
2134638621
37110
2135490589
37110
2134638621
37110
1682833500
37435
1682767963
37435
1682833500
37759
2135490589
37759
2134638621
37759
1682833500
37921
2135490589
37921
2134638621
38083
1682767963
38083
1682833500
38408
2135490589
38408
2134638621
38408
1683030076
39705
2135490589
39705
2134638621
39705
1683030076
40678
1682767963
40840
2135490589
40840
2134638621
40840
1683030076
41164
2135490589
41164
2134638621
41327
1682767963
41327
1683030076
41651
2135490589
41651
2134638621
41651
1682964573
41813
2135490589
41813
2134638621
41813
1682964573
41975
1682767963
41975
1682964573
42137
2135490589
42137
2134638621
42137
1682964573
42299
1682964573
42462
2135490589
42462
2134638621
42462
1682964573
42624
1682767963
42624
1682964573
42786
1682964573
42948
2135490589
42948
2134638621
42948
1682964573
43110
2135490589
43110
2134638621
43110
1682964573
43272
1682767963
43272
1682964573
43435
2135490589
43435
2134638621
43435
1683030076
43759
2135490589
43759
2134638621
43921
1682767963
43921
1682964573
44083
1682964573
44245
2135490589
44245
2134638621
44245
1682964573
44408
2135490589
44408
2134638621
44408
1682964573
44570
1682767963
44570
1682964573
44732
1682964573
44894
2135490589
44894
2134638621
44894
1682964573
45057
2135490589
45057
2134638621
45057
1682964573
45218
1682767963
45218
1682964573
45381
1682964573
45543
2135490589
45543
2134638621
45543
1682833500
45705
2135490589
45705
2134638621
45705
1683030076
45867
2135490589
45867
2134638621
45867
1682833500
46029
2135490589
46029
2134638621
46029
1682964573
46354
2135490589
46354
2134638621
46516
1682767963
46516
1683030076
46840
2135490589
46840
2134638621
46840
1682964573
47002
2135490589
47002
2134638621
47002
1682964573
47164
1682767963
47164
1682964573
47326
1682964573
47489
2135490589
47489
2134638621
47489
1682964573
47651
2135490589
47651
2134638621
47651
1682964573
47813
1682767963
47813
1682964573
47975
1682964573
48137
2135490589
48137
2134638621
48137
1682964573
48299
2135490589
48299
2134638621
48299
1682964573
48462
1682767963
48624
2135490589
48624
2134638621
48624
1683030076
48948
2135490589
48948
2134638621
49110
1682767963
49110
1682964573
49272
2135490589
49272
2134638621
49272
1682964573
49435
1682767963
49435
1682964573
49597
2135490589
49597
2134638621
49597
1682964573
49759
1682767963
49759
1682964573
49922
2135490589
49922
2134638621
49922
1682964573
50083
1682767963
50083
1682964573
50245
2135490589
50245
2134638621
50245
1682964573
50408
1682767963
50408
1682964573
50570
2135490589
50570
2134638621
50570
1682964573
50732
2135490589
50732
2134638621
50732
1683030076
50894
1682767963
51056
1682767963
51218
2135490589
51218
2134638621
51218
1683030076
51543
2135490589
51543
2134638621
51705
1682767963
51705
1682833500
52029
2135490589
52029
2134638621
52029
1682833500
52354
1682767963
52354
1682833500
52516
2135490589
52516
2134638621
52597
2135490589
52597
2134638621
52678
2135490589
52678
2134638621
52678
1682833500
52841
2135490589
52841
2134638621
53002
1682767963
53002
1682833500
53164
2135490589
53164
2134638621
53326
1682833500
53489
2135490589
53489
2134638621
53651
1682767963
53651
1682833500
53813
2135490589
53813
2134638621
53975
2135490589
53975
2134638621
53975
1682833500
54299
1682767963
54299
1682833500
54624
2135490589
54624
2134638621
54624
1682833500
54786
2135490589
54786
2134638621
54948
1682767963
54948
1682833500
55272
2135490589
55272
2134638621
55272
1682833500
55354
2135490589
55354
2134638621
55435
2135490589
55435
2134638621
55516
2135490589
55516
2134638621
55597
2135490589
55597
2134638621
55597
1682767963
55597
1682833500
55678
2135490589
55678
2134638621
55759
2135490589
55759
2134638621
55840
2135490589
55840
2134638621
55921
2135490589
55921
2134638621
55921
1682833500
56002
2135490589
56002
2134638621
56082
2135490589
56082
2134638621
56164
2135490589
56164
2134638621
56245
2135490589
56245
2134638621
56245
1682767963
56245
1682833500
56326
2135490589
56326
2134638621
56408
2135490589
56408
2134638621
56489
2135490589
56489
2134638621
56570
2135490589
56570
2134638621
56570
1682833500
56894
1682767963
56894
1682833500
57056
2135490589
57056
2134638621
57218
1682833500
57382
2135490589
57382
2134638621
57462
2135490589
57462
2134638621
57543
1682767963
57543
1682833500
57704
2135490589
57704
2134638621
57786
2135490589
57786
2134638621
57867
2135490589
57867
2134638621
57867
1682833500
58029
2135490589
58029
2134638621
58191
1682767963
58191
1682833500
58355
2135490589
58355
2134638621
58516
1682833500
58677
2135490589
58677
2134638621
58840
1682767963
58840
1682833500
59002
2135490589
59002
2134638621
59164
2135490589
59164
2134638621
59164
1682833500
59489
1682767963
59489
1682833500
59813
2135490589
59813
2134638621
59813
1682833500
59975
2135490589
59975
2134638621
60137
1682767963
60137
1682833500
60462
2135490589
60462
2134638621
60462
1682833500
60542
2135490589
60542
2134638621
60623
2135490589
60623
2134638621
60704
2135490589
60704
2134638621
60786
2135490589
60786
2134638621
60786
1682767963
60786
1682833500
60867
2135490589
60867
2134638621
60948
2135490589
60948
2134638621
61029
2135490589
61029
2134638621
61110
2135490589
61110
2134638621
61110
1682833500
61191
2135490589
61191
2134638621
61272
2135490589
61272
2134638621
61354
2135490589
61354
2134638621
61435
2135490589
61435
2134638621
61435
1682767963
61435
1682833500
61515
2135490589
61515
2134638621
61596
2135490589
61596
2134638621
61677
2135490589
61677
2134638621
61759
2135490589
61759
2134638621
61759
1682833500
62083
1682767963
62083
1682833500
62245
2135490589
62245
2134638621
62408
1682833500
62571
2135490589
62571
2134638621
62732
1682767963
62732
1682833500
62895
2135490589
62895
2134638621
62975
2135490589
62975
2134638621
63056
2135490589
63056
2134638621
63056
1682833500
63218
2135490589
63218
2134638621
63381
1682767963
63381
1682833500
63544
2135490589
63544
2134638621
63705
1682833500
63868
2135490589
63868
2134638621
64029
1682767963
64029
1682833500
64191
2135490589
64191
2134638621
64354
2135490589
64354
2134638621
64354
1682833500
64678
1682767963
64678
1682833500
65002
2135490589
65002
2134638621
65002
1682833500
65164
2135490589
65164
2134638621
65326
1682767963
65326
1682833500
65651
2135490589
65651
2134638621
65651
1682833500
65732
2135490589
65732
2134638621
65813
2135490589
65813
2134638621
65894
2135490589
65894
2134638621
65975
2135490589
65975
2134638621
65975
1682767963
65975
1682833500
66056
2135490589
66056
2134638621
66137
2135490589
66137
2134638621
66218
2135490589
66218
2134638621
66299
2135490589
66299
2134638621
66299
1682833500
66381
2135490589
66381
2134638621
66462
2135490589
66462
2134638621
66544
2135490589
66544
2134638621
66624
2135490589
66624
2134638621
66624
1682767963
66624
1682833500
66705
2135490589
66705
2134638621
66786
2135490589
66786
2134638621
66867
2135490589
66867
2134638621
66948
2135490589
66948
2134638621
66948
1682833500
67272
1682767963
67272
1682833500
67435
2135490589
67435
2134638621
67597
1682833500
67759
2135490589
67759
2134638621
67921
1682767963
67921
1682833500
68083
2135490589
68083
2134638621
68164
2135490589
68164
2134638621
68245
2135490589
68245
2134638621
68245
1682833500
68408
2135490589
68408
2134638621
68570
1682767963
68570
1682833500
68732
2135490589
68732
2134638621
68894
1682833500
69056
2135490589
69056
2134638621
69218
1682767963
69218
1682833500
69381
2135490589
69381
2134638621
69543
2135490589
69543
2134638621
69543
1682833500
69867
1682767963
69867
1682833500
70191
2135490589
70191
2134638621
70191
1682833500
70353
2135490589
70353
2134638621
70516
1682767963
70516
1682833500
70678
2135490589
70678
2134638621
70840
2135490589
70840
2134638621
70840
1683030076
72137
2135490589
72137
2134638621
72137
1683030076
73110
1682767963
73272
2135490589
73272
2134638621
73272
1683030076
73596
2135490589
73596
2134638621
73759
1682767963
73759
1683030076
74083
2135490589
74083
2134638621
74083
1682964573
74245
2135490589
74245
2134638621
74245
1682964573
74408
1682767963
74408
1682964573
74570
1682964573
74732
2135490589
74732
2134638621
74732
1682964573
74895
2135490589
74895
2134638621
74895
1682964573
75056
1682767963
75056
1682964573
75218
1682964573
75381
2135490589
75381
2134638621
75381
1682964573
75543
2135490589
75543
2134638621
75543
1682964573
75705
1682767963
75868
2135490589
75868
2134638621
75868
1683030076
76191
2135490589
76191
2134638621
76353
1682767963
76353
1682964573
76516
1682964573
76678
2135490589
76678
2134638621
76678
1682964573
76840
2135490589
76840
2134638621
76840
1682964573
77002
1682767963
77002
1682964573
77164
1682964573
77326
2135490589
77326
2134638621
77326
1682964573
77490
2135490589
77490
2134638621
77490
1682964573
77651
1682767963
77651
1682964573
77813
1682964573
77975
2135490589
77975
2134638621
77975
1682833500
78137
2135490589
78137
2134638621
78137
1683030076
78299
2135490589
78299
2134638621
78299
1682833500
78462
2135490589
78462
2134638621
78462
1682964573
78786
2135490589
78786
2134638621
78948
1682767963
78948
1683030076
79272
2135490589
79272
2134638621
79272
1682964573
79435
2135490589
79435
2134638621
79435
1682964573
79597
1682767963
79597
1682964573
79758
1682964573
79921
2135490589
79921
2134638621
79921
1682964573
80083
2135490589
80083
2134638621
80083
1682964573
80245
1682767963
80245
1682964573
80408
1682964573
80570
2135490589
80570
2134638621
80570
1682964573
80731
2135490589
80731
2134638621
80731
1682964573
80894
1682767963
81056
2135490589
81056
2134638621
81056
1683030076
81381
2135490589
81381
2134638621
81543
1682767963
81543
1682964573
81704
2135490589
81704
2134638621
81704
1682964573
81867
1682767963
81867
1682964573
82029
2135490589
82029
2134638621
82029
1682964573
82191
1682767963
82191
1682964573
82354
2135490589
82354
2134638621
82354
1682964573
82516
1682767963
82516
1682964573
82677
2135490589
82677
2134638621
82677
1682964573
82840
1682767963
82840
1682964573
83164
2135490589
83164
2134638621
83164
1683030076
83326
1682767963
83489
1682767963
83650
2135490589
83650
2134638621
83650
1683030076
83975
2135490589
83975
2134638621
84137
1682767963
84137
1682964573
84299
1682964573
84462
2135490589
84462
2134638621
84462
1682964573
84623
2135490589
84623
2134638621
84623
1682964573
84786
1682767963
84786
1682964573
84948
2135490589
84948
2134638621
84948
1682964573
85110
1682964573
85273
2135490589
85273
2134638621
85273
1682964573
85435
1682767963
85435
1682964573
85596
1682964573
85759
2135490589
85759
2134638621
85759
1682964573
85921
2135490589
85921
2134638621
85921
1682964573
86083
1682767963
86246
2135490589
86246
2134638621
86246
1683030076
86570
2135490589
86570
2134638621
86732
1682767963
86732
1682964573
86895
1682964573
87056
2135490589
87056
2134638621
87056
1682964573
87218
2135490589
87218
2134638621
87218
1682964573
87381
1682767963
87381
1682964573
87543
1682964573
87705
2135490589
87705
2134638621
87705
1682964573
87868
2135490589
87868
2134638621
87868
1682964573
88029
1682767963
88029
1682964573
88191
1682964573
88353
2135490589
88353
2134638621
88353
1682833500
88516
2135490589
88516
2134638621
88516
1683030076
88678
2135490589
88678
2134638621
88678
1682833500
88840
2135490589
88840
2134638621
88840
1682964573
89164
2135490589
89164
2134638621
89326
1682767963
89326
1683030076
89651
2135490589
89651
2134638621
89651
1682964573
89813
2135490589
89813
2134638621
89813
1682964573
89975
1682767963
89975
1682964573
90136
1682964573
90299
2135490589
90299
2134638621
90299
1682964573
90462
2135490589
90462
2134638621
90462
1682964573
90624
1682767963
90624
1682964573
90786
1682964573
90948
2135490589
90948
2134638621
90948
1682964573
91109
2135490589
91109
2134638621
91109
1682964573
91272
1682767963
91435
2135490589
91435
2134638621
91435
1683030076
91759
2135490589
91759
2134638621
91921
1682767963
91921
1682964573
92082
2135490589
92082
2134638621
92082
1682964573
92245
1682767963
92245
1682964573
92408
2135490589
92408
2134638621
92408
1682964573
92570
1682767963
92570
1682964573
92732
2135490589
92732
2134638621
92732
1682964573
92894
1682767963
92894
1682964573
93055
2135490589
93055
2134638621
93055
1682964573
93218
1682767963
93218
1682964573
93543
2135490589
93543
2134638621
93543
1683030076
93704
1682767963
93867
1682767963
94028
2135490589
94028
2134638621
94028
1683030076
101391
1681850426
101391
1682702394
101466
1681850426
101466
1682702394
101541
1681850426
101541
1682702394
101616
1681850426
101616
1682702394
101691
2135490589
101691
2134638621
101766
2135490589
101766
2134638621
101841
1682636859
101841
1681784891
101916
1682636859
101916
1681784891
101991
1682636859
101991
1681784891
102066
1682636859
102066
1681784891
102141
2135490589
102141
2134638621
102216
2135490589
102216
2134638621
102291
1681850426
102291
1682702394
102366
1681850426
102366
1682702394
102441
1681850426
102441
1682702394
102516
1681850426
102516
1682702394
102591
2135490589
102591
2134638621
102666
2135490589
102666
2134638621
102741
1682636859
102741
1681784891
102816
1682636859
102816
1681784891
102891
1682636859
102891
1681784891
102966
1682636859
102966
1681784891
103041
2135490589
103041
2134638621
103116
2135490589
103116
2134638621
103191
2135556125
103191
2134704157
103266
2135556125
103266
2134704157
103341
2135490589
103341
2134638621
103416
2135490589
103416
2134638621
103491
1682636859
103491
1681784891
103566
1682636859
103566
1681784891
103641
2135490589
103641
2134638621
103716
2135490589
103716
2134638621
103791
1682636859
103791
1681784891
103866
1682636859
103866
1681784891
103941
1682636859
103941
1681784891
104016
1682636859
104016
1681784891
104091
2135490589
104091
2134638621
104166
2135490589
104166
2134638621
104241
2135556125
104241
2134704157
104316
2135556125
104316
2134704157
104391
2135556125
104391
2134704157
104466
2135556125
104466
2134704157
104541
2135490589
104541
2134638621
104616
2135490589
104616
2134638621
104691
1682636859
104691
1681784891
104766
1682636859
104766
1681784891
104841
1682636859
104841
1681784891
104916
1682636859
104916
1681784891
104991
2135490589
104991
2134638621
105066
2135490589
105066
2134638621
105141
2135556125
105141
2134704157
105216
2135556125
105216
2134704157
105291
2135556125
105291
2134704157
105366
2135556125
105366
2134704157
105441
2135490589
105441
2134638621
105516
2135490589
105516
2134638621
105591
2135556125
105591
2134704157
105666
2135556125
105666
2134704157
105741
2135490589
105741
2134638621
105816
2135490589
105816
2134638621
105891
2135556125
105891
2134704157
105966
2135556125
105966
2134704157
106041
2135490589
106041
2134638621
106116
2135490589
106116
2134638621
106191
2135490589
106191
2134638621
106191
1682767963
106191
1683030076
106341
2135490589
106341
2134638621
106416
2135490589
106416
2134638621
106491
1682767963
106491
1682833500
106641
2135490589
106641
2134638621
106641
1682833500
106791
1682767963
106791
1682833500
106941
2135490589
106941
2134638621
106941
1682833500
107091
1682767963
107091
1682833500
107241
2135490589
107241
2134638621
107241
1682833500
107391
1682767963
107391
1682833500
107541
2135490589
107541
2134638621
107541
1682833500
107691
1682767963
107691
1682833500
107841
2135490589
107841
2134638621
107841
1682833500
107991
1682767963
107991
1682833500
108066
2135490589
108066
2134638621
108141
2135490589
108141
2134638621
108141
1682833500
108216
2135490589
108216
2134638621
108291
1682767963
108291
1682833500
108441
2135490589
108441
2134638621
108441
1682833500
108591
1682767963
108591
1682833500
108741
2135490589
108741
2134638621
108741
1682833500
108891
1682767963
108891
1682833500
109041
2135490589
109041
2134638621
109041
1682833500
109191
1682767963
109191
1682833500
109341
2135490589
109341
2134638621
109341
1682833500
109491
1682767963
109491
1682833500
109641
2135490589
109641
2134638621
109641
1682833500
109791
1682767963
109791
1682833500
109941
2135490589
109941
2134638621
109941
1682833500
110091
1682767963
110091
1682833500
110241
2135490589
110241
2134638621
110241
1682833500
110391
1682767963
110391
1682833500
110466
2135490589
110466
2134638621
110541
2135490589
110541
2134638621
110541
1682833500
110616
2135490589
110616
2134638621
110691
1682767963
110691
1682833500
110841
2135490589
110841
2134638621
110841
1682833500
110991
1682767963
110991
1682833500
111141
2135490589
111141
2134638621
111141
1682833500
111291
1682767963
111291
1682833500
111441
2135490589
111441
2134638621
111441
1682833500
111591
1682767963
111591
1682833500
111741
2135490589
111741
2134638621
111741
1682833500
111891
1682767963
111891
1682833500
112041
2135490589
112041
2134638621
112041
1682833500
112191
1682767963
112191
1682833500
112341
2135490589
112341
2134638621
112341
1682833500
112491
1682767963
112491
1682833500
112641
2135490589
112641
2134638621
112641
1682833500
112791
1682767963
112791
1682833500
112866
2135490589
112866
2134638621
112941
2135490589
112941
2134638621
112941
1682833500
113016
2135490589
113016
2134638621
113091
1682767963
113091
1682833500
113241
2135490589
113241
2134638621
113241
1682833500
113391
1682767963
113391
1682833500
113541
2135490589
113541
2134638621
113541
1682833500
113691
1682767963
113691
1682833500
113841
2135490589
113841
2134638621
113841
1682833500
113991
1682767963
113991
1682833500
114141
2135490589
114141
2134638621
114141
1682833500
114291
1682767963
114291
1682833500
114441
2135490589
114441
2134638621
114441
1682833500
114591
1682767963
114591
1682833500
114741
2135490589
114741
2134638621
114741
1682833500
114891
1682767963
114891
1682833500
115041
2135490589
115041
2134638621
115041
1682833500
115191
1682767963
115191
1682833500
115341
2135490589
115341
2134638621
115341
1682833500
115491
1682767963
115491
1682833500
115791
2135490589
115791
2134638621
115791
1682767963
115791
1683030076
115866
2135490589
115866
2134638621
115941
2135490589
115941
2134638621
116016
2135490589
116016
2134638621
116091
2135490589
116091
2134638621
116091
1682767963
116091
1682833500
116166
2135490589
116166
2134638621
116241
2135490589
116241
2134638621
116241
1682833500
116316
2135490589
116316
2134638621
116391
2135490589
116391
2134638621
116391
1682767963
116391
1682833500
116466
2135490589
116466
2134638621
116541
2135490589
116541
2134638621
116541
1682833500
116616
2135490589
116616
2134638621
116691
2135490589
116691
2134638621
116691
1682767963
116691
1682833500
116766
2135490589
116766
2134638621
116841
2135490589
116841
2134638621
116916
2135490589
116916
2134638621
116991
2135490589
116991
2134638621
116991
1682767963
116991
1683030076
117066
2135490589
117066
2134638621
117141
2135490589
117141
2134638621
117216
2135490589
117216
2134638621
117291
2135490589
117291
2134638621
117291
1682767963
117291
1682833500
117366
2135490589
117366
2134638621
117441
2135490589
117441
2134638621
117441
1682833500
117516
2135490589
117516
2134638621
117591
2135490589
117591
2134638621
117591
1682767963
117591
1682833500
117666
2135490589
117666
2134638621
117741
2135490589
117741
2134638621
117741
1682833500
117816
2135490589
117816
2134638621
117891
2135490589
117891
2134638621
117891
1682767963
117891
1682833500
117966
2135490589
117966
2134638621
118041
2135490589
118041
2134638621
118116
2135490589
118116
2134638621
118191
2135490589
118191
2134638621
118191
1682767963
118191
1683030076
118266
2135490589
118266
2134638621
118341
2135490589
118341
2134638621
118416
2135490589
118416
2134638621
118491
2135490589
118491
2134638621
118491
1682767963
118491
1682833500
118566
2135490589
118566
2134638621
118641
2135490589
118641
2134638621
118641
1682833500
118716
2135490589
118716
2134638621
118791
2135490589
118791
2134638621
118791
1682767963
118791
1682833500
118866
2135490589
118866
2134638621
118941
2135490589
118941
2134638621
118941
1682833500
119016
2135490589
119016
2134638621
119091
2135490589
119091
2134638621
119091
1682767963
119091
1682833500
119166
2135490589
119166
2134638621
119241
2135490589
119241
2134638621
119316
2135490589
119316
2134638621
119391
2135490589
119391
2134638621
119391
1682767963
119391
1683030076
119466
2135490589
119466
2134638621
119541
2135490589
119541
2134638621
119616
2135490589
119616
2134638621
119691
2135490589
119691
2134638621
119691
1682767963
119691
1682833500
119766
2135490589
119766
2134638621
119841
2135490589
119841
2134638621
119841
1682833500
119916
2135490589
119916
2134638621
119991
2135490589
119991
2134638621
119991
1682767963
119991
1682833500
120066
2135490589
120066
2134638621
120141
2135490589
120141
2134638621
120141
1682833500
120216
2135490589
120216
2134638621
120291
2135490589
120291
2134638621
120291
1682767963
120291
1682833500
120366
2135490589
120366
2134638621
120441
2135490589
120441
2134638621
120516
2135490589
120516
2134638621
120591
2135490589
120591
2134638621
120591
1682767963
120591
1683030076
120666
2135490589
120666
2134638621
120741
2135490589
120741
2134638621
120816
2135490589
120816
2134638621
120891
2135490589
120891
2134638621
120891
1682767963
120891
1682833500
120966
2135490589
120966
2134638621
121041
2135490589
121041
2134638621
121041
1682833500
121116
2135490589
121116
2134638621
121191
2135490589
121191
2134638621
121191
1682767963
121191
1682833500
121266
2135490589
121266
2134638621
121341
2135490589
121341
2134638621
121341
1682833500
121416
2135490589
121416
2134638621
121491
2135490589
121491
2134638621
121491
1682767963
121491
1682833500
121566
2135490589
121566
2134638621
121641
2135490589
121641
2134638621
121716
2135490589
121716
2134638621
121791
2135490589
121791
2134638621
121791
1682767963
121791
1683030076
121866
2135490589
121866
2134638621
121941
2135490589
121941
2134638621
122016
2135490589
122016
2134638621
122091
2135490589
122091
2134638621
122091
1682767963
122091
1682833500
122166
2135490589
122166
2134638621
122241
2135490589
122241
2134638621
122241
1682833500
122316
2135490589
122316
2134638621
122391
2135490589
122391
2134638621
122391
1682767963
122391
1682833500
122466
2135490589
122466
2134638621
122541
2135490589
122541
2134638621
122541
1682833500
122616
2135490589
122616
2134638621
122691
2135490589
122691
2134638621
122691
1682767963
122691
1682833500
122766
2135490589
122766
2134638621
122841
2135490589
122841
2134638621
122916
2135490589
122916
2134638621
122991
2135490589
122991
2134638621
122991
1682767963
122991
1683030076
123066
2135490589
123066
2134638621
123141
2135490589
123141
2134638621
123216
2135490589
123216
2134638621
123291
2135490589
123291
2134638621
123291
1682767963
123291
1682833500
123366
2135490589
123366
2134638621
123441
2135490589
123441
2134638621
123441
1682833500
123516
2135490589
123516
2134638621
123591
2135490589
123591
2134638621
123591
1682767963
123591
1682833500
123666
2135490589
123666
2134638621
123741
2135490589
123741
2134638621
123741
1682833500
123816
2135490589
123816
2134638621
123891
2135490589
123891
2134638621
123891
1682767963
123891
1682833500
123966
2135490589
123966
2134638621
124041
2135490589
124041
2134638621
124116
2135490589
124116
2134638621
124191
2135490589
124191
2134638621
124191
1683030076
124491
2135490589
124491
2134638621
124491
1682833500
124791
2135490589
124791
2134638621
124791
1682964573
125091
2135490589
125091
2134638621
125091
1682833500
125391
2135490589
125391
2134638621
125391
1683030076
125691
1682767963
125691
1682833500
125991
2135490589
125991
2134638621
125991
1682833500
126291
1682767963
126291
1682833500
126591
2135490589
126591
2134638621
126591
1682833500
126891
1682767963
126891
1682833500
127191
2135490589
127191
2134638621
127191
1682833500
127491
1682767963
127491
1682833500
127641
2135490589
127641
2134638621
127791
2135490589
127791
2134638621
127791
1682833500
128091
1682767963
128091
1682833500
128391
2135490589
128391
2134638621
128391
1682833500
128691
1682767963
128691
1682833500
128841
2135490589
128841
2134638621
128916
2135490589
128916
2134638621
128991
1682767963
128991
1682964573
130191
2135490589
130191
2134638621
130191
1683030076
130491
1682767963
130491
1682833500
130791
2135490589
130791
2134638621
130791
1682833500
131091
1682767963
131091
1682833500
131391
2135490589
131391
2134638621
131391
1682833500
131691
1682767963
131691
1682833500
131991
2135490589
131991
2134638621
131991
1682833500
132141
2135490589
132141
2134638621
132291
1682767963
132291
1682833500
132441
2135490589
132441
2134638621
132591
2135490589
132591
2134638621
132591
1682833500
132891
1682767963
132891
1682833500
133191
2135490589
133191
2134638621
133191
1682833500
133491
1682767963
133491
1682833500
133791
2135490589
133791
2134638621
133791
1682964573
133866
1682767963
133991
2135490589
133991
2134638621
133991
1682964573
134091
1682767963
134191
2135490589
134191
2134638621
134191
1682964573
134291
1682767963
134391
2135490589
134391
2134638621
134391
1682964573
134491
1682767963
134591
2135490589
134591
2134638621
134591
1682964573
134691
1682767963
134791
2135490589
134791
2134638621
134791
1682964573
134891
1682767963
134991
2135490589
134991
2134638621
134991
1683030076
135291
1682767963
135291
1682833500
135591
2135490589
135591
2134638621
135591
1682833500
135891
1682767963
135891
1682833500
136191
2135490589
136191
2134638621
136191
1682833500
136491
1682767963
136491
1682833500
136641
2135490589
136641
2134638621
136716
2135490589
136716
2134638621
136791
2135490589
136791
2134638621
136791
1682833500
136941
2135490589
136941
2134638621
137091
1682767963
137091
1682833500
137241
2135490589
137241
2134638621
137391
2135490589
137391
2134638621
137391
1682833500
137691
1682767963
137691
1682833500
137991
2135490589
137991
2134638621
137991
1682833500
138291
1682767963
138291
1682833500
138366
2135490589
138366
2134638621
138441
2135490589
138441
2134638621
138516
2135490589
138516
2134638621
138591
1682767963
138591
1682964573
139791
2135490589
139791
2134638621
139791
1683030076
140091
1682767963
140091
1682833500
140391
2135490589
140391
2134638621
140391
1682833500
140691
1682767963
140691
1682833500
140991
2135490589
140991
2134638621
140991
1682833500
141291
1682767963
141291
1682833500
141591
2135490589
141591
2134638621
141591
1682833500
141891
1682767963
141891
1682833500
142041
2135490589
142041
2134638621
142191
2135490589
142191
2134638621
142191
1682833500
142491
1682767963
142491
1682833500
142791
2135490589
142791
2134638621
142791
1682833500
143091
1682767963
143091
1682833500
143391
2135490589
143391
2134638621
143391
1682964573
143491
2135490589
143491
2134638621
143591
2135490589
143591
2134638621
143591
1682964573
143691
2135490589
143691
2134638621
143691
1682767963
143791
2135490589
143791
2134638621
143791
1682964573
143891
2135490589
143891
2134638621
143991
2135490589
143991
2134638621
143991
1682964573
144091
2135490589
144091
2134638621
144191
2135490589
144191
2134638621
144191
1682964573
144291
2135490589
144291
2134638621
144291
1682767963
144391
2135490589
144391
2134638621
144391
1682964573
144491
2135490589
144491
2134638621
144491
1682964573
144591
2135490589
144591
2134638621
144591
1682964573
144691
2135490589
144691
2134638621
144791
2135490589
144791
2134638621
144791
1682964573
144891
2135490589
144891
2134638621
144891
1682767963
144991
2135490589
144991
2134638621
144991
1682964573
145091
2135490589
145091
2134638621
145191
2135490589
145191
2134638621
145191
1682964573
145291
2135490589
145291
2134638621
145391
2135490589
145391
2134638621
145391
1682964573
145491
2135490589
145491
2134638621
145491
1682767963
145591
2135490589
145591
2134638621
145591
1682964573
145691
2135490589
145691
2134638621
145691
1682964573
145791
2135490589
145791
2134638621
145791
1682964573
145891
1682767963
145991
2135490589
145991
2134638621
145991
1682964573
146091
1682767963
146191
2135490589
146191
2134638621
146191
1682964573
146291
1682767963
146391
2135490589
146391
2134638621
146391
1682964573
146491
1682767963
146591
2135490589
146591
2134638621
146591
1682964573
146691
1682767963
146791
2135490589
146791
2134638621
146791
1682964573
146891
1682767963
146991
2135490589
146991
2134638621
146991
1683030076
147091
1682767963
147191
2135490589
147191
2134638621
147191
1683030076
147291
1682767963
147391
2135490589
147391
2134638621
147391
1683030076
147491
1682767963
147591
2135490589
147591
2134638621
147591
1683030076
147691
1682767963
147791
2135490589
147791
2134638621
147791
1683030076
147891
1682767963
147991
2135490589
147991
2134638621
147991
1683030076
148091
1682767963
148191
2135490589
148191
2134638621
148191
1683030076
148491
1682767963
148491
1682833500
148791
2135490589
148791
2134638621
148791
1682833500
149091
1682767963
149091
1682833500
149391
2135490589
149391
2134638621
149391
1682833500
149691
1682767963
149691
1682833500
149841
2135490589
149841
2134638621
149916
2135490589
149916
2134638621
149991
2135490589
149991
2134638621
149991
1682833500
150141
2135490589
150141
2134638621
150291
1682767963
150291
1682833500
150441
2135490589
150441
2134638621
150591
1682833500
150741
2135490589
150741
2134638621
150891
1682767963
150891
1682833500
151191
2135490589
151191
2134638621
151191
1682833500
151341
2135490589
151341
2134638621
151491
1682767963
151491
1682833500
151641
2135490589
151641
2134638621
151791
1682833500
151941
2135490589
151941
2134638621
152091
1682767963
152091
1682833500
152391
2135490589
152391
2134638621
152391
1682833500
152541
2135490589
152541
2134638621
152691
1682767963
152691
1682833500
152841
2135490589
152841
2134638621
152991
1682833500
153141
2135490589
153141
2134638621
153291
1682767963
153291
1682833500
153591
2135490589
153591
2134638621
153591
1682833500
153741
2135490589
153741
2134638621
153891
1682767963
153891
1682833500
154041
2135490589
154041
2134638621
154191
1682833500
154341
2135490589
154341
2134638621
154491
1682767963
154491
1682833500
154791
2135490589
154791
2134638621
154791
1682833500
154941
2135490589
154941
2134638621
155091
1682767963
155091
1682833500
155241
2135490589
155241
2134638621
155391
1682833500
155541
2135490589
155541
2134638621
155691
1682767963
155691
1682833500
155991
2135490589
155991
2134638621
155991
1682833500
156141
2135490589
156141
2134638621
156291
1682767963
156291
1682833500
156441
1682767963
156516
1682767963
156591
1682767963
156741
1682767963
156891
1681850426
156891
1682702394
157041
1681850426
157041
1682702394
157191
1682636859
157191
1681784891
157341
2135556125
157341
2134704157
157491
2135556125
157491
2134704157
157641
2135490589
157641
2134638621
157641
1682833500
157791
2135490589
157791
2134638621
157791
1683030076
158091
1682767963
158091
1683030076
158391
2135490589
158391
2134638621
158391
1682833500
158541
2135490589
158541
2134638621
158691
1682767963
158691
1682833500
158841
2135490589
158841
2134638621
158991
1682833500
159141
2135490589
159141
2134638621
159291
1682767963
159291
1682833500
159591
2135490589
159591
2134638621
159591
1682833500
159741
2135490589
159741
2134638621
159891
1682767963
159891
1682833500
160041
2135490589
160041
2134638621
160191
1682833500
160341
2135490589
160341
2134638621
160491
1682767963
160491
1682833500
160791
2135490589
160791
2134638621
160791
1682833500
160941
2135490589
160941
2134638621
161091
1682767963
161091
1682833500
161241
2135490589
161241
2134638621
161391
1682833500
161541
2135490589
161541
2134638621
161691
1682767963
161691
1682833500
161991
2135490589
161991
2134638621
161991
1682833500
162141
2135490589
162141
2134638621
162291
1682767963
162291
1682833500
162441
2135490589
162441
2134638621
162591
1682833500
162741
2135490589
162741
2134638621
162891
1682767963
162891
1682833500
163191
2135490589
163191
2134638621
163191
1682833500
163341
2135490589
163341
2134638621
163491
1682767963
163491
1682833500
163641
2135490589
163641
2134638621
163791
1682833500
163941
2135490589
163941
2134638621
164091
1682767963
164091
1682833500
164391
2135490589
164391
2134638621
164391
1682833500
164541
2135490589
164541
2134638621
164691
1682767963
164691
1682833500
164841
1681850426
164841
1682702394
164916
1681850426
164916
1682702394
164991
1681850426
164991
1682702394
165141
1681850426
165141
1682702394
165291
1682636859
165291
1681784891
165441
1682636859
165441
1681784891
165516
1682636859
165516
1681784891
165591
1682636859
165591
1681784891
165741
1682636859
165741
1681784891
165891
2135556125
165891
2134704157
166041
2135556125
166041
2134704157
166116
2135556125
166116
2134704157
166191
2135556125
166191
2134704157
166341
2135556125
166341
2134704157
166491
1682636859
166491
1681784891
166641
2135556125
166641
2134704157
166791
2135556125
166791
2134704157
166941
2135556125
166941
2134704157
167091
2135490589
167091
2134638621
167091
1682833500
167241
2135490589
167241
2134638621
167241
1683030076
167541
2135490589
167541
2134638621
167691
1682767963
167691
1682833500
167991
2135490589
167991
2134638621
167991
1682833500
168141
2135490589
168141
2134638621
168291
1682767963
168291
1682833500
168441
2135490589
168441
2134638621
168591
1682833500
168741
2135490589
168741
2134638621
168891
1682767963
168891
1682833500
169191
2135490589
169191
2134638621
169191
1682833500
169341
2135490589
169341
2134638621
169491
1682767963
169491
1682833500
169641
2135490589
169641
2134638621
169791
1682833500
169941
2135490589
169941
2134638621
170091
1682767963
170091
1682833500
170391
2135490589
170391
2134638621
170391
1682833500
170541
2135490589
170541
2134638621
170691
1682767963
170691
1682833500
170841
2135490589
170841
2134638621
170991
1682833500
171141
2135490589
171141
2134638621
171291
1682767963
171291
1682833500
171591
2135490589
171591
2134638621
171591
1682833500
171741
2135490589
171741
2134638621
171891
1682767963
171891
1682833500
172041
2135490589
172041
2134638621
172191
1682833500
172341
2135490589
172341
2134638621
172491
1682767963
172491
1682833500
172791
2135490589
172791
2134638621
172791
1682833500
172941
2135490589
172941
2134638621
173091
1682767963
173091
1682833500
173241
2135490589
173241
2134638621
173391
1682833500
173541
2135490589
173541
2134638621
173691
1682767963
173691
1682833500
173991
2135490589
173991
2134638621
173991
1682833500
174141
2135490589
174141
2134638621
174291
1682767963
174291
1682833500
174441
2135490589
174441
2134638621
174591
1682833500
174741
2135490589
174741
2134638621
174891
1682767963
174891
1682833500
175191
2135490589
175191
2134638621
175191
1682833500
175341
2135490589
175341
2134638621
175491
1682767963
175491
1682833500
175641
2135490589
175641
2134638621
175791
1682833500
175941
2135490589
175941
2134638621
176091
1682767963
176091
1682833500
176391
2135490589
176391
2134638621
176391
1683030076
176541
1682767963
176691
1682767963
176841
2135490589
176841
2134638621
176841
1682964573
177141
2135490589
177141
2134638621
177291
1682767963
177291
1683030076
177591
2135490589
177591
2134638621
177591
1682833500
177741
2135490589
177741
2134638621
177891
1682767963
177891
1682833500
178041
2135490589
178041
2134638621
178191
1682833500
178341
2135490589
178341
2134638621
178491
1682767963
178491
1682833500
178791
2135490589
178791
2134638621
178791
1682833500
178941
2135490589
178941
2134638621
179091
1682767963
179091
1682833500
179241
2135490589
179241
2134638621
179391
1682833500
179541
2135490589
179541
2134638621
179691
1682767963
179691
1682833500
179991
2135490589
179991
2134638621
179991
1682833500
180141
2135490589
180141
2134638621
180291
1682767963
180291
1682833500
180441
2135490589
180441
2134638621
180591
1682833500
180741
2135490589
180741
2134638621
180891
1682767963
180891
1682833500
181191
2135490589
181191
2134638621
181191
1682833500
181341
2135490589
181341
2134638621
181491
1682767963
181491
1682833500
181641
2135490589
181641
2134638621
181791
1682833500
181941
2135490589
181941
2134638621
182091
1682767963
182091
1682833500
182391
2135490589
182391
2134638621
182391
1682833500
182541
2135490589
182541
2134638621
182691
1682767963
182691
1682833500
182841
2135490589
182841
2134638621
182991
1682833500
183141
2135490589
183141
2134638621
183291
1682767963
183291
1682833500
183591
2135490589
183591
2134638621
183591
1682833500
183741
2135490589
183741
2134638621
183891
1682767963
183891
1682833500
184041
2135490589
184041
2134638621
184191
1682833500
184341
2135490589
184341
2134638621
184491
1682767963
184491
1682833500
184791
2135490589
184791
2134638621
184791
1682833500
184941
2135490589
184941
2134638621
185091
1682767963
185091
1682833500
185241
2135490589
185241
2134638621
185391
1682833500
185541
2135490589
185541
2134638621
185691
1682767963
185691
1682833500
185991
2135490589
185991
2134638621
185991
1683030076
186141
1682767963
186291
1682767963
186441
2135490589
186441
2134638621
186441
1682964573
186741
2135490589
186741
2134638621
186891
1682767963
186891
1683030076
187191
2135490589
187191
2134638621
187191
1682833500
187341
2135490589
187341
2134638621
187491
1682767963
187491
1682833500
187641
2135490589
187641
2134638621
187791
1682833500
187941
2135490589
187941
2134638621
188091
1682767963
188091
1682833500
188391
2135490589
188391
2134638621
188391
1682833500
188541
2135490589
188541
2134638621
188691
1682767963
188691
1682833500
188841
2135490589
188841
2134638621
188991
1682833500
189141
2135490589
189141
2134638621
189291
1682767963
189291
1682833500
189591
2135490589
189591
2134638621
189591
1682833500
189741
2135490589
189741
2134638621
189891
1682767963
189891
1682833500
190041
2135490589
190041
2134638621
190191
1682833500
190341
2135490589
190341
2134638621
190491
1682767963
190491
1682833500
190791
2135490589
190791
2134638621
190791
1682833500
190941
2135490589
190941
2134638621
191091
1682767963
191091
1682833500
191241
2135490589
191241
2134638621
191391
1682833500
191541
2135490589
191541
2134638621
191691
1682767963
191691
1682833500
191991
2135490589
191991
2134638621
191991
1682833500
192141
2135490589
192141
2134638621
192291
1682767963
192291
1682833500
192441
2135490589
192441
2134638621
192591
1682833500
192741
2135490589
192741
2134638621
192891
1682767963
192891
1682833500
193191
2135490589
193191
2134638621
193191
1682833500
193341
2135490589
193341
2134638621
193491
1682767963
193491
1682833500
193641
2135490589
193641
2134638621
193791
1682833500
193941
2135490589
193941
2134638621
194091
1682767963
194091
1682833500
194391
2135490589
194391
2134638621
194391
1682833500
194541
2135490589
194541
2134638621
194691
1682767963
194691
1682833500
194991
1681850426
194991
1682702394
195066
1681850426
195066
1682702394
195141
2135490589
195141
2134638621
195216
2135490589
195216
2134638621
195291
1682636859
195291
1681784891
195366
1682636859
195366
1681784891
195441
2135490589
195441
2134638621
195516
2135490589
195516
2134638621
195591
2135556125
195591
2134704157
195666
2135556125
195666
2134704157
195741
2135490589
195741
2134638621
195816
2135490589
195816
2134638621
195891
1682767963
195891
1682964573
196191
2135490589
196191
2134638621
196191
1683030076
196491
1682767963
196491
1682833500
196791
2135490589
196791
2134638621
196791
1682833500
197091
1682767963
197091
1682833500
197391
2135490589
197391
2134638621
197391
1682833500
197691
1682767963
197691
1682833500
197841
2135490589
197841
2134638621
197916
2135490589
197916
2134638621
197991
2135490589
197991
2134638621
197991
1682833500
198141
2135490589
198141
2134638621
198216
2135490589
198216
2134638621
198291
1682767963
198291
1682833500
198441
2135490589
198441
2134638621
198591
2135490589
198591
2134638621
198591
1682833500
198891
1682767963
198891
1682833500
199191
2135490589
199191
2134638621
199191
1682833500
199491
1682767963
199491
1682833500
199791
2135490589
199791
2134638621
199791
1682964573
200691
2135490589
200691
2134638621
200691
1683030076
200991
2135490589
200991
2134638621
200991
1683030076
201291
1682767963
201291
1682833500
201591
2135490589
201591
2134638621
201591
1682833500
201891
1682767963
201891
1682833500
202191
2135490589
202191
2134638621
202191
1682833500
202491
1682767963
202491
1682833500
202641
2135490589
202641
2134638621
202716
2135490589
202716
2134638621
202791
2135490589
202791
2134638621
202791
1682833500
202941
2135490589
202941
2134638621
203091
1682767963
203091
1682833500
203241
2135490589
203241
2134638621
203391
2135490589
203391
2134638621
203391
1682833500
203691
1682767963
203691
1682833500
203991
2135490589
203991
2134638621
203991
1682833500
204291
1682767963
204291
1682833500
204591
2135490589
204591
2134638621
204591
1682964573
204666
1682767963
204791
2135490589
204791
2134638621
204791
1682964573
204891
1682767963
204991
2135490589
204991
2134638621
204991
1682964573
205091
1682767963
205191
2135490589
205191
2134638621
205191
1682964573
205291
1682767963
205391
2135490589
205391
2134638621
205391
1682964573
205491
1682767963
205591
2135490589
205591
2134638621
205591
1682964573
205691
1682767963
205791
2135490589
205791
2134638621
205791
1683030076
206091
1682767963
206091
1682964573
206391
2135490589
206391
2134638621
206391
1682833500
206691
1682767963
206691
1682833500
206991
2135490589
206991
2134638621
206991
1682833500
207291
1682767963
207291
1682833500
207441
2135490589
207441
2134638621
207516
2135490589
207516
2134638621
207591
2135490589
207591
2134638621
207591
1682833500
207741
2135490589
207741
2134638621
207891
1682767963
207891
1682833500
208041
2135490589
208041
2134638621
208191
2135490589
208191
2134638621
208191
1682833500
208491
1682767963
208491
1682833500
208791
2135490589
208791
2134638621
208791
1682833500
209091
1682767963
209091
1682833500
209241
2135490589
209241
2134638621
209291
2135490589
209291
2134638621
209341
2135490589
209341
2134638621
209391
1682767963
209391
1682964573
210591
2135490589
210591
2134638621
210591
1683030076
210891
1682767963
210891
1682833500
211191
2135490589
211191
2134638621
211191
1682833500
211491
1682767963
211491
1682833500
211791
2135490589
211791
2134638621
211791
1682833500
212091
1682767963
212091
1682833500
212391
2135490589
212391
2134638621
212391
1682833500
212691
1682767963
212691
1682833500
212841
2135490589
212841
2134638621
212991
2135490589
212991
2134638621
212991
1682833500
213291
1682767963
213291
1682833500
213591
2135490589
213591
2134638621
213591
1682833500
213891
1682767963
213891
1682833500
214191
2135490589
214191
2134638621
214191
1682964573
214291
2135490589
214291
2134638621
214391
2135490589
214391
2134638621
214391
1682964573
214491
2135490589
214491
2134638621
214491
1682767963
214591
2135490589
214591
2134638621
214591
1682964573
214691
2135490589
214691
2134638621
214791
2135490589
214791
2134638621
214791
1682964573
214891
2135490589
214891
2134638621
214991
2135490589
214991
2134638621
214991
1682964573
215091
2135490589
215091
2134638621
215091
1682767963
215191
2135490589
215191
2134638621
215191
1682964573
215291
2135490589
215291
2134638621
215291
1682964573
215391
2135490589
215391
2134638621
215391
1682964573
215491
2135490589
215491
2134638621
215591
2135490589
215591
2134638621
215591
1682964573
215691
2135490589
215691
2134638621
215691
1682767963
215791
2135490589
215791
2134638621
215791
1682964573
215891
2135490589
215891
2134638621
215991
2135490589
215991
2134638621
215991
1682964573
216091
2135490589
216091
2134638621
216191
2135490589
216191
2134638621
216191
1682964573
216291
2135490589
216291
2134638621
216291
1682767963
216391
2135490589
216391
2134638621
216391
1682964573
216491
2135490589
216491
2134638621
216491
1682964573
216591
2135490589
216591
2134638621
216591
1682964573
216691
1682767963
216791
2135490589
216791
2134638621
216791
1682964573
216891
1682767963
216991
2135490589
216991
2134638621
216991
1682964573
217091
1682767963
217191
2135490589
217191
2134638621
217191
1682964573
217291
1682767963
217391
2135490589
217391
2134638621
217391
1682964573
217491
1682767963
217591
2135490589
217591
2134638621
217591
1682964573
217691
1682767963
217791
2135490589
217791
2134638621
217791
1683030076
217891
1682767963
217991
2135490589
217991
2134638621
217991
1683030076
218091
1682767963
218191
2135490589
218191
2134638621
218191
1683030076
218291
1682767963
218391
2135490589
218391
2134638621
218391
1683030076
218491
1682767963
218591
2135490589
218591
2134638621
218591
1683030076
218691
1682767963
218791
2135490589
218791
2134638621
218791
1683030076
218891
1682767963
218991
2135490589
218991
2134638621
218991
1683030076
219316
1682767963
219316
1682964573
219640
2135490589
219640
2134638621
219640
1683030076
219964
1682767963
219964
1683030076
220126
2135490589
220126
2134638621
220208
2135490589
220208
2134638621
220289
2135490589
220289
2134638621
220289
1683030076
220452
2135490589
220452
2134638621
220613
1682767963
220613
1683030076
220775
2135490589
220775
2134638621
220937
1683030076
221100
2135490589
221100
2134638621
221262
1682767963
221262
1683030076
221424
2135490589
221424
2134638621
221586
2135490589
221586
2134638621
221586
1683030076
221910
1682767963
221910
1683030076
222235
2135490589
222235
2134638621
222235
1683030076
222397
2135490589
222397
2134638621
222559
1682767963
222559
1683030076
222883
2135490589
222883
2134638621
222883
1682964573
222965
2135490589
222965
2134638621
223046
2135490589
223046
2134638621
223127
2135490589
223127
2134638621
223208
2135490589
223208
2134638621
223208
1682767963
223208
1682964573
223289
2135490589
223289
2134638621
223370
2135490589
223370
2134638621
223451
2135490589
223451
2134638621
223532
2135490589
223532
2134638621
223532
1682964573
223613
2135490589
223613
2134638621
223693
2135490589
223693
2134638621
223775
2135490589
223775
2134638621
223856
2135490589
223856
2134638621
223856
1682767963
223856
1682964573
223937
2135490589
223937
2134638621
224019
2135490589
224019
2134638621
224100
2135490589
224100
2134638621
224180
2135490589
224180
2134638621
224180
1683030076
224505
1682767963
224505
1682964573
224667
2135490589
224667
2134638621
224829
1683030076
224991
2135490589
224991
2134638621
225153
1682767963
225153
1683030076
225315
2135490589
225315
2134638621
225397
2135490589
225397
2134638621
225478
2135490589
225478
2134638621
225478
1683030076
225640
2135490589
225640
2134638621
225802
1682767963
225802
1683030076
225966
2135490589
225966
2134638621
226126
1683030076
226288
2135490589
226288
2134638621
226451
1682767963
226451
1683030076
226613
2135490589
226613
2134638621
226775
2135490589
226775
2134638621
226775
1683030076
227099
1682767963
227099
1683030076
227424
2135490589
227424
2134638621
227424
1683030076
227586
2135490589
227586
2134638621
227748
1682767963
227748
1683030076
228072
2135490589
228072
2134638621
228072
1682964573
228152
2135490589
228152
2134638621
228234
2135490589
228234
2134638621
228315
2135490589
228315
2134638621
228397
2135490589
228397
2134638621
228397
1682767963
228397
1682964573
228478
2135490589
228478
2134638621
228559
2135490589
228559
2134638621
228640
2135490589
228640
2134638621
228721
2135490589
228721
2134638621
228721
1682964573
228802
2135490589
228802
2134638621
228883
2135490589
228883
2134638621
228965
2135490589
228965
2134638621
229045
2135490589
229045
2134638621
229045
1682767963
229045
1682964573
229125
2135490589
229125
2134638621
229207
2135490589
229207
2134638621
229288
2135490589
229288
2134638621
229370
2135490589
229370
2134638621
229370
1683030076
229694
1682767963
229694
1683030076
229856
2135490589
229856
2134638621
230018
1683030076
230180
2135490589
230180
2134638621
230343
1682767963
230343
1683030076
230504
2135490589
230504
2134638621
230586
2135490589
230586
2134638621
230667
2135490589
230667
2134638621
230667
1683030076
230829
2135490589
230829
2134638621
230991
1682767963
230991
1682964573
231155
2135490589
231155
2134638621
231316
1683030076
231477
2135490589
231477
2134638621
231640
1682767963
231640
1683030076
231802
2135490589
231802
2134638621
231964
2135490589
231964
2134638621
231964
1683030076
232289
1682767963
232289
1683030076
232613
2135490589
232613
2134638621
232613
1683030076
232775
2135490589
232775
2134638621
232937
1682767963
232937
1683030076
233262
2135490589
233262
2134638621
233262
1682964573
233341
2135490589
233341
2134638621
233423
2135490589
233423
2134638621
233504
2135490589
233504
2134638621
233586
2135490589
233586
2134638621
233586
1682767963
233586
1682964573
233667
2135490589
233667
2134638621
233748
2135490589
233748
2134638621
233829
2135490589
233829
2134638621
233910
2135490589
233910
2134638621
233910
1682964573
233991
2135490589
233991
2134638621
234072
2135490589
234072
2134638621
234154
2135490589
234154
2134638621
234235
2135490589
234235
2134638621
234235
1682767963
234235
1682964573
234314
2135490589
234314
2134638621
234396
2135490589
234396
2134638621
234477
2135490589
234477
2134638621
234559
2135490589
234559
2134638621
234559
1683030076
234883
1682767963
234883
1682964573
235045
2135490589
235045
2134638621
235208
1683030076
235369
2135490589
235369
2134638621
235532
1682767963
235532
1683030076
235693
2135490589
235693
2134638621
235775
2135490589
235775
2134638621
235856
2135490589
235856
2134638621
235856
1683030076
236018
2135490589
236018
2134638621
236180
1682767963
236180
1683030076
236344
2135490589
236344
2134638621
236505
1683030076
236666
2135490589
236666
2134638621
236829
1682767963
236829
1683030076
236991
2135490589
236991
2134638621
237153
2135490589
237153
2134638621
237153
1683030076
237478
1682767963
237478
1683030076
237802
2135490589
237802
2134638621
237802
1683030076
237964
2135490589
237964
2134638621
238126
1682767963
238126
1683030076
238451
2135490589
238451
2134638621
238451
1683030076
239748
2135490589
239748
2134638621
239748
1683030076
240721
1682767963
240883
2135490589
240883
2134638621
240883
1683030076
241207
2135490589
241207
2134638621
241370
1682767963
241370
1683030076
241694
2135490589
241694
2134638621
241694
1682964573
241856
2135490589
241856
2134638621
241856
1682964573
242018
1682767963
242018
1682964573
242180
2135490589
242180
2134638621
242180
1682964573
242343
1682964573
242506
2135490589
242506
2134638621
242506
1682964573
242667
1682767963
242667
1682964573
242829
1682964573
242991
2135490589
242991
2134638621
242991
1682964573
243153
2135490589
243153
2134638621
243153
1682964573
243316
1682767963
243479
2135490589
243479
2134638621
243479
1683030076
243802
2135490589
243802
2134638621
243964
1682767963
243964
1683030076
244289
2135490589
244289
2134638621
244289
1682964573
244451
2135490589
244451
2134638621
244451
1682964573
244613
1682767963
244613
1682964573
244775
1682964573
244937
2135490589
244937
2134638621
244937
1682964573
245101
2135490589
245101
2134638621
245101
1682964573
245262
1682767963
245262
1682964573
245424
1682964573
245586
2135490589
245586
2134638621
245586
1682833500
245748
2135490589
245748
2134638621
245748
1683030076
245910
2135490589
245910
2134638621
245910
1682833500
246073
2135490589
246073
2134638621
246073
1682964573
246397
2135490589
246397
2134638621
246559
1682767963
246559
1683030076
246883
2135490589
246883
2134638621
246883
1682964573
247046
2135490589
247046
2134638621
247046
1682964573
247207
1682767963
247207
1682964573
247369
1682964573
247532
2135490589
247532
2134638621
247532
1682964573
247694
2135490589
247694
2134638621
247694
1682964573
247856
1682767963
247856
1682964573
248019
1682964573
248180
2135490589
248180
2134638621
248180
1682964573
248342
2135490589
248342
2134638621
248342
1682964573
248505
1682767963
248667
2135490589
248667
2134638621
248667
1683030076
248992
2135490589
248992
2134638621
249072
2135490589
249072
2134638621
249153
2135490589
249153
2134638621
249153
1682767963
249153
1682964573
249235
2135490589
249235
2134638621
249315
2135490589
249315
2134638621
249315
1682964573
249397
2135490589
249397
2134638621
249478
2135490589
249478
2134638621
249478
1682767963
249478
1682964573
249559
2135490589
249559
2134638621
249640
2135490589
249640
2134638621
249640
1682964573
249721
2135490589
249721
2134638621
249802
2135490589
249802
2134638621
249802
1682767963
249802
1682964573
249883
2135490589
249883
2134638621
249965
2135490589
249965
2134638621
249965
1682964573
250045
2135490589
250045
2134638621
250126
2135490589
250126
2134638621
250126
1682767963
250126
1682964573
250207
2135490589
250207
2134638621
250288
2135490589
250288
2134638621
250288
1682964573
250370
2135490589
250370
2134638621
250451
2135490589
250451
2134638621
250451
1682767963
250451
1682964573
250532
2135490589
250532
2134638621
250613
2135490589
250613
2134638621
250694
2135490589
250694
2134638621
250775
2135490589
250775
2134638621
250775
1683030076
250937
1682767963
251099
1682767963
251261
2135490589
251261
2134638621
251261
1683030076
251586
2135490589
251586
2134638621
251748
2135490589
251748
2134638621
251748
1682767963
251748
1683030076
251829
2135490589
251829
2134638621
251910
2135490589
251910
2134638621
251991
2135490589
251991
2134638621
252072
2135490589
252072
2134638621
252072
1682964573
252153
2135490589
252153
2134638621
252234
2135490589
252234
2134638621
252234
1682964573
252316
2135490589
252316
2134638621
252397
2135490589
252397
2134638621
252397
1682767963
252397
1682964573
252478
2135490589
252478
2134638621
252559
2135490589
252559
2134638621
252559
1682964573
252640
2135490589
252640
2134638621
252721
2135490589
252721
2134638621
252721
1682964573
252802
2135490589
252802
2134638621
252884
2135490589
252884
2134638621
252884
1682964573
252964
2135490589
252964
2134638621
253045
2135490589
253045
2134638621
253045
1682767963
253045
1682964573
253126
2135490589
253126
2134638621
253206
2135490589
253206
2134638621
253206
1682964573
253289
2135490589
253289
2134638621
253370
2135490589
253370
2134638621
253370
1682964573
253451
2135490589
253451
2134638621
253532
2135490589
253532
2134638621
253532
1682964573
253613
2135490589
253613
2134638621
253694
2135490589
253694
2134638621
253694
1682767963
253775
2135490589
253775
2134638621
253857
2135490589
253857
2134638621
253857
1683030076
253937
2135490589
253937
2134638621
254018
2135490589
254018
2134638621
254099
2135490589
254099
2134638621
254180
2135490589
254180
2134638621
254262
2135490589
254262
2134638621
254343
2135490589
254343
2134638621
254343
1682767963
254343
1683030076
254424
2135490589
254424
2134638621
254506
2135490589
254506
2134638621
254586
2135490589
254586
2134638621
254667
2135490589
254667
2134638621
254667
1682964573
254748
2135490589
254748
2134638621
254829
2135490589
254829
2134638621
254829
1682964573
254910
2135490589
254910
2134638621
254991
2135490589
254991
2134638621
254991
1682767963
254991
1682964573
255072
2135490589
255072
2134638621
255153
2135490589
255153
2134638621
255153
1682964573
255235
2135490589
255235
2134638621
255316
2135490589
255316
2134638621
255316
1682964573
255397
2135490589
255397
2134638621
255479
2135490589
255479
2134638621
255479
1682964573
255559
2135490589
255559
2134638621
255640
2135490589
255640
2134638621
255640
1682767963
255640
1682964573
255721
2135490589
255721
2134638621
255802
2135490589
255802
2134638621
255802
1682964573
255883
2135490589
255883
2134638621
255964
2135490589
255964
2134638621
255964
1682833500
256127
2135490589
256127
2134638621
256127
1683030076
256289
2135490589
256289
2134638621
256289
1682833500
256451
2135490589
256451
2134638621
256451
1682964573
256775
2135490589
256775
2134638621
256937
2135490589
256937
2134638621
256937
1682767963
256937
1683030076
257018
2135490589
257018
2134638621
257099
2135490589
257099
2134638621
257180
2135490589
257180
2134638621
257262
2135490589
257262
2134638621
257262
1682964573
257343
2135490589
257343
2134638621
257424
2135490589
257424
2134638621
257424
1682964573
257505
2135490589
257505
2134638621
257586
2135490589
257586
2134638621
257586
1682767963
257586
1682964573
257667
2135490589
257667
2134638621
257747
2135490589
257747
2134638621
257747
1682964573
257829
2135490589
257829
2134638621
257910
2135490589
257910
2134638621
257910
1682964573
257991
2135490589
257991
2134638621
258073
2135490589
258073
2134638621
258073
1682964573
258153
2135490589
258153
2134638621
258235
2135490589
258235
2134638621
258235
1682767963
258235
1682964573
258316
2135490589
258316
2134638621
258397
2135490589
258397
2134638621
258397
1682964573
258478
2135490589
258478
2134638621
258559
2135490589
258559
2134638621
258559
1682964573
258720
2135490589
258720
2134638621
258720
1682964573
258883
1682767963
259046
2135490589
259046
2134638621
259046
1683030076
259370
2135490589
259370
2134638621
259451
2135490589
259451
2134638621
259532
2135490589
259532
2134638621
259532
1682767963
259532
1682964573
259613
2135490589
259613
2134638621
259693
2135490589
259693
2134638621
259693
1682964573
259775
2135490589
259775
2134638621
259856
2135490589
259856
2134638621
259856
1682767963
259856
1682964573
259937
2135490589
259937
2134638621
260019
2135490589
260019
2134638621
260019
1682964573
260099
2135490589
260099
2134638621
260180
2135490589
260180
2134638621
260180
1682767963
260180
1682964573
260262
2135490589
260262
2134638621
260343
2135490589
260343
2134638621
260343
1682964573
260424
2135490589
260424
2134638621
260505
2135490589
260505
2134638621
260505
1682767963
260505
1682964573
260586
2135490589
260586
2134638621
260666
2135490589
260666
2134638621
260666
1682964573
260748
2135490589
260748
2134638621
260829
2135490589
260829
2134638621
260829
1682767963
260829
1682964573
260910
2135490589
260910
2134638621
260991
2135490589
260991
2134638621
261072
2135490589
261072
2134638621
261153
2135490589
261153
2134638621
261153
1683030076
261315
1682767963
261478
1682767963
261639
2135490589
261639
2134638621
261639
1683030076
