1908
1682833500
2575
1682833500
3241
1682833500
3908
1682833500
4575
1682833500
5241
1682833500
5908
1682833500
6575
1682833500
7241
1682833500
7241
1682964573
7908
1682833500
8575
1682833500
9241
1682833500
9908
1682833500
10575
1682833500
11241
1682833500
11741
2135490589
11741
2134638621
11825
2135490589
11825
2134638621
11908
1682767963
11908
1682833500
11908
1682964573
12575
2135490589
12575
2134638621
12575
1682767963
12575
1682833500
12575
1683030076
12908
2135490589
12908
2134638621
12908
1682833500
12908
1682964573
13241
1682767963
13241
1682833500
13241
1682964573
13408
2135490589
13408
2134638621
13575
1682964573
13741
2135490589
13741
2134638621
13908
1682767963
13908
1682833500
13908
1682964573
14241
2135490589
14241
2134638621
14241
1682833500
14241
1682964573
14575
1682767963
14575
1682833500
14575
1682964573
14741
2135490589
14741
2134638621
14908
1682964573
15074
2135490589
15074
2134638621
15241
1682767963
15241
1682833500
15241
1682964573
15575
2135490589
15575
2134638621
15575
1682833500
15575
1682964573
15908
1682767963
15908
1682833500
15908
1682964573
16075
2135490589
16075
2134638621
16241
1682964573
16407
2135490589
16407
2134638621
16575
1682767963
16575
1682833500
16575
1682964573
16908
2135490589
16908
2134638621
16908
1682833500
16908
1682964573
17241
1682767963
17241
1682833500
17241
1682964573
17408
2135490589
17408
2134638621
17575
1682767963
17741
1682767963
17908
1682767963
17908
1682833500
17908
1683030076
18241
2135490589
18241
2134638621
18241
1682833500
18241
1682964573
18575
1682767963
18575
1682833500
18575
1682964573
18741
2135490589
18741
2134638621
18908
1682964573
19074
2135490589
19074
2134638621
19241
1682767963
19241
1682833500
19241
1682964573
19575
2135490589
19575
2134638621
19575
1682833500
19575
1682964573
19908
1682767963
19908
1682833500
19908
1682964573
20075
2135490589
20075
2134638621
20241
1682964573
20407
2135490589
20407
2134638621
20575
1682767963
20575
1682833500
20575
1682964573
20908
2135490589
20908
2134638621
20908
1682833500
20908
1682964573
21241
1682767963
21241
1682833500
21241
1682964573
21408
2135490589
21408
2134638621
21575
1682964573
21741
2135490589
21741
2134638621
21908
1682767963
21908
1682833500
21908
1682964573
22241
2135490589
22241
2134638621
22241
1682833500
22241
1682964573
22575
1682767963
22575
1682833500
22575
1682964573
22741
2135490589
22741
2134638621
22908
1682964573
23075
1682767963
23158
1682767963
23241
1682767963
23241
1682833500
23408
1682767963
23575
1682767963
23575
1682833500
23741
1682636859
23741
1681784891
23908
1682833500
23908
1682636859
23908
1681784891
24075
2135556125
24075
2134704157
24241
1682833500
24241
2135556125
24241
2134704157
24408
2135490589
24408
2134638621
24408
1683030076
24575
1682833500
24741
1682767963
24908
1682767963
24908
1682833500
25075
2135490589
25075
2134638621
25075
1682964573
25241
1682833500
25408
1682767963
25575
2135490589
25575
2134638621
25575
1682833500
25575
1683030076
25908
1682767963
25908
1682833500
25908
1683030076
26241
2135490589
26241
2134638621
26241
1682833500
26241
1682964573
26575
1682767963
26575
1682833500
26575
1682964573
26741
2135490589
26741
2134638621
26908
1682964573
27074
2135490589
27074
2134638621
27241
1682767963
27241
1682833500
27241
1682964573
27575
2135490589
27575
2134638621
27575
1682833500
27575
1682964573
27908
1682767963
27908
1682833500
27908
1682964573
28075
2135490589
28075
2134638621
28241
1682964573
28407
2135490589
28407
2134638621
28575
1682767963
28575
1682833500
28575
1682964573
28908
2135490589
28908
2134638621
28908
1682833500
28908
1682964573
29241
1682767963
29241
1682833500
29241
1682964573
29408
2135490589
29408
2134638621
29575
1682964573
29741
2135490589
29741
2134638621
29908
1682767963
29908
1682833500
29908
1682964573
30241
2135490589
30241
2134638621
30241
1682833500
30241
1682964573
30575
1682767963
30575
1682833500
30575
1682964573
30741
2135490589
30741
2134638621
30908
1682964573
31074
2135490589
31074
2134638621
31241
1682767963
31241
1682833500
31241
1682964573
31575
2135490589
31575
2134638621
31575
1682833500
31575
1682964573
31908
1682767963
31908
1682833500
31908
1682964573
32075
2135490589
32075
2134638621
32241
1682964573
32407
2135490589
32407
2134638621
32575
1682767963
32575
1682833500
32575
1682964573
32908
2135490589
32908
2134638621
32908
1682833500
32908
1682964573
33241
1682767963
33241
1682833500
33241
1682964573
33408
2135490589
33408
2134638621
33575
1682964573
33741
2135490589
33741
2134638621
33908
1682767963
33908
1682833500
33908
1682964573
34241
2135490589
34241
2134638621
34241
1682833500
34241
1682964573
34575
1682767963
34575
1682833500
34575
1682964573
34741
2135490589
34741
2134638621
34908
1682964573
35074
2135490589
35074
2134638621
35241
1682767963
35241
1682833500
35241
1682964573
35575
2135490589
35575
2134638621
35575
1682833500
35575
1682964573
35908
1682767963
35908
1682833500
35908
1682964573
36074
2135490589
36074
2134638621
36241
1682964573
36408
1682767963
36492
1682767963
36575
1682767963
36575
1682833500
36741
1682767963
36908
1682767963
37075
1682636859
37075
1681784891
37241
1682833500
37241
1682636859
37241
1681784891
37408
2135556125
37408
2134704157
37575
2135556125
37575
2134704157
37741
2135490589
37741
2134638621
37741
1683030076
37908
1682833500
38074
1682767963
38241
1682767963
38408
2135490589
38408
2134638621
38408
1682964573
38575
1682833500
38741
1682767963
38908
2135490589
38908
2134638621
38908
1683030076
39241
2135490589
39241
2134638621
39241
1682833500
39241
1683030076
39575
1682964573
39741
2135490589
39741
2134638621
39741
1682964573
39908
1682767963
39908
1682833500
40241
1682964573
40407
2135490589
40407
2134638621
40407
1682964573
40575
2135490589
40575
2134638621
40575
1682833500
40575
1682964573
40741
1682964573
40908
1682964573
41075
2135490589
41075
2134638621
41075
1682964573
41241
1682767963
41241
1682833500
41575
1682767963
41741
1682767963
41908
2135490589
41908
2134638621
41908
1682833500
41908
1683030076
42241
1682964573
42408
2135490589
42408
2134638621
42408
1682964573
42575
1682767963
42575
1682833500
42908
1682964573
43074
2135490589
43074
2134638621
43074
1682964573
43241
2135490589
43241
2134638621
43241
1682833500
43241
1682964573
43407
1682964573
43575
1682964573
43742
2135490589
43742
2134638621
43742
1682964573
43908
1682767963
43908
1682833500
44075
2135490589
44075
2134638621
44075
1683030076
44408
1682636859
44408
1681784891
44491
1682636859
44491
1681784891
44575
1682833500
44575
1682636859
44575
1681784891
44741
1682636859
44741
1681784891
44908
1682833500
44908
1682636859
44908
1681784891
45075
1682636859
45075
1681784891
45241
1682833500
45241
2135556125
45241
2134704157
45408
2135556125
45408
2134704157
45575
1682833500
45575
2135556125
45575
2134704157
45741
2135490589
45741
2134638621
45741
1683030076
45908
1682833500
46075
1682767963
46241
1682767963
46241
1682833500
46408
2135490589
46408
2134638621
46408
1682964573
46575
1682833500
46741
1682767963
46908
2135490589
46908
2134638621
46908
1682833500
46908
1683030076
47241
1682767963
47241
1682833500
47241
1683030076
47575
2135490589
47575
2134638621
47575
1682833500
47575
1682964573
47908
1682767963
47908
1682833500
47908
1682964573
48075
2135490589
48075
2134638621
48241
1682964573
48407
2135490589
48407
2134638621
48575
1682767963
48575
1682833500
48575
1682964573
48908
2135490589
48908
2134638621
48908
1682833500
48908
1682964573
49241
1682767963
49241
1682833500
49241
1682964573
49407
2135490589
49407
2134638621
49575
1682964573
49741
2135490589
49741
2134638621
49908
1682767963
49908
1682833500
49908
1682964573
50241
2135490589
50241
2134638621
50241
1682833500
50241
1682964573
50575
1682767963
50575
1682833500
50575
1682964573
50740
2135490589
50740
2134638621
50908
1682964573
51075
1682767963
51158
1682767963
51241
1682767963
51241
1682833500
51408
1682767963
51575
1682636859
51575
1681784891
51741
1682636859
51741
1681784891
51908
1682833500
51908
2135556125
51908
2134704157
52075
2135556125
52075
2134704157
52241
2135490589
52241
2134638621
52241
1683030076
52408
2135490589
52408
2134638621
52408
1683030076
52575
2135490589
52575
2134638621
52575
1682767963
52575
1682833500
52575
1683030076
52908
2135490589
52908
2134638621
52908
1682833500
52908
1682964573
53241
1682767963
53241
1682833500
53241
1682964573
53408
2135490589
53408
2134638621
53575
1682964573
53741
2135490589
53741
2134638621
53908
1682767963
53908
1682833500
53908
1682964573
54241
2135490589
54241
2134638621
54241
1682833500
54241
1682964573
54575
1682767963
54575
1682833500
54575
1682964573
54742
2135490589
54742
2134638621
54908
1682964573
55073
2135490589
55073
2134638621
55241
1682767963
55241
1682833500
55241
1682964573
55575
2135490589
55575
2134638621
55575
1682833500
55575
1682964573
55908
1682767963
55908
1682833500
55908
1682964573
56074
2135490589
56074
2134638621
56241
1682964573
56408
2135490589
56408
2134638621
56575
1682767963
56575
1682833500
56575
1682964573
56908
2135490589
56908
2134638621
56908
1682833500
56908
1682964573
57241
1682767963
57241
1682833500
57241
1682964573
57408
2135490589
57408
2134638621
57575
1682964573
57741
2135490589
57741
2134638621
57908
1682767963
57908
1682833500
57908
1682964573
58241
2135490589
58241
2134638621
58241
1682833500
58241
1682964573
58575
1682767963
58575
1682833500
58575
1682964573
58742
2135490589
58742
2134638621
58908
1682964573
59073
2135490589
59073
2134638621
59241
1682767963
59241
1682833500
59241
1682964573
59575
2135490589
59575
2134638621
59575
1682833500
59575
1682964573
59908
1682767963
59908
1682833500
59908
1682964573
60074
2135490589
60074
2134638621
60241
1682964573
60408
2135490589
60408
2134638621
60575
1682767963
60575
1682833500
60575
1682964573
60908
2135490589
60908
2134638621
60908
1682833500
60908
1682964573
61241
1682767963
61241
1682833500
61241
1682964573
61408
2135490589
61408
2134638621
61575
1682964573
61741
2135490589
61741
2134638621
61908
1682767963
61908
1682833500
61908
1682964573
62241
2135490589
62241
2134638621
62241
1682833500
62241
1682964573
62575
1682767963
62575
1682833500
62575
1682964573
62741
2135490589
62741
2134638621
62908
1682964573
63074
1682767963
63158
1682767963
63241
1682767963
63241
1682833500
63408
1682767963
63575
1682767963
63575
1682833500
63741
1682636859
63741
1681784891
63908
1682833500
63908
1682636859
63908
1681784891
64074
2135556125
64074
2134704157
64241
1682833500
64241
2135556125
64241
2134704157
64408
2135490589
64408
2134638621
64408
1683030076
64575
1682833500
64741
1682767963
64908
1682767963
64908
1682833500
65074
2135490589
65074
2134638621
65074
1682964573
65241
1682833500
65408
1682767963
65575
2135490589
65575
2134638621
65575
1682833500
65575
1683030076
65908
2135490589
65908
2134638621
65908
1682833500
65908
1683030076
66241
1682964573
66408
2135490589
66408
2134638621
66408
1682964573
66575
1682767963
66575
1682833500
66908
1682964573
67073
2135490589
67073
2134638621
67073
1682964573
67241
2135490589
67241
2134638621
67241
1682833500
67241
1682964573
67408
1682964573
67575
1682964573
67742
2135490589
67742
2134638621
67742
1682964573
67908
1682767963
67908
1682833500
68241
1682767963
68408
1682767963
68575
2135490589
68575
2134638621
68575
1682833500
68575
1682964573
68741
1682964573
68908
1682964573
69074
2135490589
69074
2134638621
69074
1682964573
69241
1682767963
69241
1682833500
69575
1682964573
69741
2135490589
69741
2134638621
69741
1682964573
69908
2135490589
69908
2134638621
69908
1682833500
69908
1682964573
70073
1682964573
70241
1682964573
70409
2135490589
70409
2134638621
70409
1682964573
70575
1682767963
70575
1682833500
70742
2135490589
70742
2134638621
70742
1683030076
71074
1682636859
71074
1681784891
71157
1682636859
71157
1681784891
71241
1682833500
71241
1682636859
71241
1681784891
71408
1682636859
71408
1681784891
71575
1682833500
71575
1682636859
71575
1681784891
71742
1682636859
71742
1681784891
71908
1682833500
71908
2135556125
71908
2134704157
72074
2135556125
72074
2134704157
72241
1682833500
72241
2135556125
72241
2134704157
72408
2135490589
72408
2134638621
72408
1683030076
72575
1682833500
72742
1682767963
72908
1682767963
72908
1682833500
73074
2135490589
73074
2134638621
73074
1682964573
73241
1682833500
73408
1682767963
73575
2135490589
73575
2134638621
73575
1682833500
73575
1683030076
73908
2135490589
73908
2134638621
73908
1682767963
73908
1682833500
73908
1683030076
74241
2135490589
74241
2134638621
74241
1682833500
74241
1682964573
74575
1682767963
74575
1682833500
74575
1682964573
74742
2135490589
74742
2134638621
74908
1682964573
75073
2135490589
75073
2134638621
75241
1682767963
75241
1682833500
75241
1682964573
75575
2135490589
75575
2134638621
75575
1682833500
75575
1682964573
75908
1682767963
75908
1682833500
75908
1682964573
76073
2135490589
76073
2134638621
76241
1682964573
76408
2135490589
76408
2134638621
76575
1682767963
76575
1682833500
76575
1682964573
76908
2135490589
76908
2134638621
76908
1682833500
76908
1682964573
77241
1682767963
77241
1682833500
77241
1682964573
77407
2135490589
77407
2134638621
77575
1682964573
77741
2135490589
77741
2134638621
77908
1682767963
77908
1682833500
78074
1682767963
78158
1682767963
78241
1682767963
78241
1682833500
78408
1682767963
78575
1682767963
78741
1682767963
78908
1682767963
79074
2135490589
79074
2134638621
79241
2135490589
79241
2134638621
79241
1682833500
79241
1683030076
79408
2135490589
79408
2134638621
79741
2135490589
79741
2134638621
79908
1682767963
79908
1682833500
79908
1682964573
80074
2135490589
80074
2134638621
80408
2135490589
80408
2134638621
80575
1682767963
80575
1682833500
80575
1683030076
80741
2135490589
80741
2134638621
81074
2135490589
81074
2134638621
81241
1682767963
81241
1682833500
81241
1682964573
81408
2135490589
81408
2134638621
81741
2135490589
81741
2134638621
81908
1682767963
81908
1682833500
81908
1683030076
82074
2135490589
82074
2134638621
82408
2135490589
82408
2134638621
82575
1682767963
82575
1682833500
82575
1682964573
82741
2135490589
82741
2134638621
83074
2135490589
83074
2134638621
83241
1682767963
83241
1682833500
83241
1683030076
83408
2135490589
83408
2134638621
83741
2135490589
83741
2134638621
83908
1682767963
83908
1682833500
83908
1682964573
84074
2135490589
84074
2134638621
84408
2135490589
84408
2134638621
84575
2135490589
84575
2134638621
84575
1682833500
84575
1682636859
84575
1681784891
84575
2135556125
84575
2134704157
84741
2135490589
84741
2134638621
84741
1682636859
84741
1681784891
84908
2135556125
84908
2134704157
85074
2135490589
85074
2134638621
85241
1682767963
85241
1682833500
85241
1683030076
85408
2135490589
85408
2134638621
85741
2135490589
85741
2134638621
85908
1682767963
85908
1682833500
85908
1683030076
86074
2135490589
86074
2134638621
86408
2135490589
86408
2134638621
86575
1682767963
86575
1682833500
86575
1682964573
86741
2135490589
86741
2134638621
87074
2135490589
87074
2134638621
87241
1682767963
87241
1682833500
87241
1683030076
87408
2135490589
87408
2134638621
87741
2135490589
87741
2134638621
87908
1682767963
87908
1682833500
87908
1682964573
88074
2135490589
88074
2134638621
88408
2135490589
88408
2134638621
88575
1682767963
88575
1682833500
88575
1683030076
88741
2135490589
88741
2134638621
89074
2135490589
89074
2134638621
89241
1682767963
89241
1682833500
89241
1682964573
89408
2135490589
89408
2134638621
89741
2135490589
89741
2134638621
89908
1682767963
89908
1682833500
89943
1682767963
90074
1682767963
90241
1682767963
90241
1682833500
90408
1682636859
90408
1681784891
90575
1682833500
90575
1682636859
90575
1681784891
90741
2135556125
90741
2134704157
90908
1682833500
90908
2135556125
90908
2134704157
91074
2135490589
91074
2134638621
91074
1683030076
91241
1682833500
91408
1682767963
91575
1682767963
91575
1682833500
91742
2135490589
91742
2134638621
91742
1682964573
91908
1682833500
92074
1682767963
92241
2135490589
92241
2134638621
92241
1682833500
92241
1683030076
92575
2135490589
92575
2134638621
92575
1682833500
92575
1683030076
92908
1682964573
93074
2135490589
93074
2134638621
93074
1682964573
93241
1682767963
93241
1682833500
93575
1682964573
93740
2135490589
93740
2134638621
93740
1682964573
93908
2135490589
93908
2134638621
93908
1682833500
93908
1682964573
94074
1682964573
94241
1682964573
94409
2135490589
94409
2134638621
94409
1682964573
94575
1682767963
94575
1682833500
94908
1682767963
95074
1682767963
95241
2135490589
95241
2134638621
95241
1682833500
95241
1683030076
95575
1682964573
95741
2135490589
95741
2134638621
95741
1682964573
95908
1682767963
95908
1682833500
96241
1682964573
96408
2135490589
96408
2134638621
96408
1682964573
96575
2135490589
96575
2134638621
96575
1682833500
96575
1682964573
96740
1682964573
96908
1682964573
97075
2135490589
97075
2134638621
97075
1682964573
97241
1682767963
97241
1682833500
97409
2135490589
97409
2134638621
97409
1683030076
97741
1682636859
97741
1681784891
97824
1682636859
97824
1681784891
97908
1682833500
97908
1682636859
97908
1681784891
98074
1682636859
98074
1681784891
98241
1682833500
98241
1682636859
98241
1681784891
98409
1682636859
98409
1681784891
98575
1682833500
98575
2135556125
98575
2134704157
98741
2135556125
98741
2134704157
98908
1682833500
98908
2135556125
98908
2134704157
99074
2135490589
99074
2134638621
99074
1683030076
99241
1682833500
99409
1682767963
99575
1682767963
99575
1682833500
99741
2135490589
99741
2134638621
99741
1682964573
99908
1682833500
100074
1682767963
100241
2135490589
100241
2134638621
100241
1682833500
100575
2135490589
100575
2134638621
100575
1682767963
100575
1682833500
100575
2135556125
100575
2134704157
100741
1682767963
100741
2135556125
100741
2134704157
100908
1682767963
100908
2135556125
100908
2134704157
101074
1682767963
101074
2135556125
101074
2134704157
101241
1682767963
101241
1682833500
101241
2135556125
101241
2134704157
101408
1682767963
101408
2135556125
101408
2134704157
101575
1682767963
101575
2135556125
101575
2134704157
101741
2135490589
101741
2134638621
101741
1682833500
101741
2135556125
101741
2134704157
102575
2135490589
102575
2134638621
102575
1682833500
102575
1682636859
102575
1681784891
102575
2135556125
102575
2134704157
103241
2135490589
103241
2134638621
103241
1682767963
103241
1682833500
103241
2135556125
103241
2134704157
103408
1682767963
103408
2135556125
103408
2134704157
103575
1682767963
103575
2135556125
103575
2134704157
103741
1682767963
103741
2135556125
103741
2134704157
103908
1682767963
103908
1682833500
103908
2135556125
103908
2134704157
104074
1682767963
104074
2135556125
104074
2134704157
104241
1682767963
104241
2135556125
104241
2134704157
104408
2135490589
104408
2134638621
104408
1682833500
104408
2135556125
104408
2134704157
105241
2135490589
105241
2134638621
105241
1682833500
105241
1682636859
105241
1681784891
105241
2135556125
105241
2134704157
105908
2135490589
105908
2134638621
105908
1682767963
105908
1682833500
105908
2135556125
105908
2134704157
106074
1682767963
106074
2135556125
106074
2134704157
106241
1682767963
106241
2135556125
106241
2134704157
106408
1682767963
106408
2135556125
106408
2134704157
106575
1682767963
106575
1682833500
106575
2135556125
106575
2134704157
106741
1682767963
106741
2135556125
106741
2134704157
106908
1682767963
106908
2135556125
106908
2134704157
107074
2135490589
107074
2134638621
107074
1682833500
107074
2135556125
107074
2134704157
107908
2135490589
107908
2134638621
107908
1682833500
107908
1682636859
107908
1681784891
107908
2135556125
107908
2134704157
108408
1682767963
108491
1682767963
108575
2135490589
108575
2134638621
108575
1682767963
108575
1682833500
108741
1682767963
108908
1682767963
109074
1682767963
109241
2135490589
109241
2134638621
109241
1682767963
109241
1682833500
109241
1683030076
109908
2135490589
109908
2134638621
109908
1682767963
109908
1682833500
110074
1682767963
110241
1682767963
110408
1682767963
110575
2135490589
110575
2134638621
110575
1682767963
110575
1682833500
110575
1682964573
111241
2135490589
111241
2134638621
111241
1682767963
111241
1682833500
111408
1682767963
111575
1682767963
111741
1682767963
111908
2135490589
111908
2134638621
111908
1682767963
111908
1682833500
111908
1683030076
112575
2135490589
112575
2134638621
112575
1682767963
112575
1682833500
112575
2135556125
112575
2134704157
112741
1682767963
112741
2135556125
112741
2134704157
112908
1682767963
112908
2135556125
112908
2134704157
113074
1682767963
113074
2135556125
113074
2134704157
113241
1682767963
113241
1682833500
113241
2135556125
113241
2134704157
113408
1682767963
113408
2135556125
113408
2134704157
113575
1682767963
113575
2135556125
113575
2134704157
113741
2135490589
113741
2134638621
113741
1682833500
113741
2135556125
113741
2134704157
114575
2135490589
114575
2134638621
114575
1682833500
114575
1682636859
114575
1681784891
114575
2135556125
114575
2134704157
115241
2135490589
115241
2134638621
115241
1682767963
115241
1682833500
115241
2135556125
115241
2134704157
115408
1682767963
115408
2135556125
115408
2134704157
115575
1682767963
115575
2135556125
115575
2134704157
115741
1682767963
115741
2135556125
115741
2134704157
115908
1682767963
115908
1682833500
115908
2135556125
115908
2134704157
116074
1682767963
116074
2135556125
116074
2134704157
116241
1682767963
116241
2135556125
116241
2134704157
116408
2135490589
116408
2134638621
116408
1682833500
116408
2135556125
116408
2134704157
117241
2135490589
117241
2134638621
117241
1682833500
117241
1682636859
117241
1681784891
117241
2135556125
117241
2134704157
117908
2135490589
117908
2134638621
117908
1682767963
117908
1682833500
117908
2135556125
117908
2134704157
118074
1682767963
118074
2135556125
118074
2134704157
118241
1682767963
118241
2135556125
118241
2134704157
118408
1682767963
118408
2135556125
118408
2134704157
118575
1682767963
118575
1682833500
118575
2135556125
118575
2134704157
118741
1682767963
118741
2135556125
118741
2134704157
118908
1682767963
118908
2135556125
118908
2134704157
119074
2135490589
119074
2134638621
119074
1682833500
119074
2135556125
119074
2134704157
119908
2135490589
119908
2134638621
119908
1682833500
119908
1682636859
119908
1681784891
119908
2135556125
119908
2134704157
120408
1682767963
120491
1682767963
120575
2135490589
120575
2134638621
120575
1682767963
120575
1682833500
120741
1682767963
120908
1682767963
121074
1682767963
121241
2135490589
121241
2134638621
121241
1682767963
121241
1682833500
121241
1683030076
121908
2135490589
121908
2134638621
121908
1682767963
121908
1682833500
122074
1682767963
122241
1682767963
122408
1682767963
122575
2135490589
122575
2134638621
122575
1682767963
122575
1682833500
122575
1682964573
123241
2135490589
123241
2134638621
123241
1682767963
123241
1682833500
123408
1682767963
123575
1682767963
123741
1682767963
123908
2135490589
123908
2134638621
123908
1682767963
123908
1682833500
123908
1683030076
124575
2135490589
124575
2134638621
124575
1682767963
124575
1682833500
124608
1682767963
124908
1682636859
124908
1681784891
124944
1682636859
124944
1681784891
125241
2135490589
125241
2134638621
125241
1682833500
125241
2135556125
125241
2134704157
125408
2135556125
125408
2134704157
125575
2135556125
125575
2134704157
125741
2135490589
125741
2134638621
125741
1682833500
126575
2135490589
126575
2134638621
126575
1682833500
126575
1682636859
126575
1681784891
126575
2135556125
126575
2134704157
127072
1682767963
127155
1682767963
127238
2135490589
127238
2134638621
127238
1682767963
127238
1682833500
127404
1682767963
127570
1682767963
127735
1682767963
127901
2135490589
127901
2134638621
127901
1682767963
127901
1682833500
128565
1682833500
129228
1682833500
129892
2135490589
129892
2134638621
129892
1682767963
129892
1682833500
130057
1682767963
130223
1682767963
130389
1682767963
130555
2135490589
130555
2134638621
130555
1682767963
130555
1682833500
131219
1682833500
131882
1682833500
132545
1682833500
133209
1682833500
133872
1682833500
134370
2135490589
134370
2134638621
134453
2135490589
134453
2134638621
134536
1682767963
134536
1682833500
134536
1682964573
135199
2135490589
135199
2134638621
135199
1682767963
135199
1682833500
135199
1683030076
135533
2135490589
135533
2134638621
135533
1682636859
135533
1681784891
135533
1683030076
135866
1682833500
136533
1682833500
137032
2135490589
137032
2134638621
137116
2135490589
137116
2134638621
137199
1682767963
137199
1682833500
137199
1682964573
137866
2135490589
137866
2134638621
137866
1682767963
137866
1682833500
137866
1683030076
138199
2135490589
138199
2134638621
138199
1682833500
138199
1682964573
138533
1682767963
138533
1682833500
138533
1682964573
138699
2135490589
138699
2134638621
138866
1682964573
139032
2135490589
139032
2134638621
139199
1682767963
139199
1682833500
139199
1682964573
139533
2135490589
139533
2134638621
139533
1682833500
139533
1682964573
139866
1682767963
139866
1682833500
139866
1682964573
140032
2135490589
140032
2134638621
140199
1682964573
140366
2135490589
140366
2134638621
140533
1682767963
140533
1682833500
140533
1682964573
140866
2135490589
140866
2134638621
140866
1682833500
140866
1682964573
141199
1682767963
141199
1682833500
141199
1682964573
141367
2135490589
141367
2134638621
141533
1682964573
141698
2135490589
141698
2134638621
141866
1682767963
141866
1682833500
141866
1682964573
142199
2135490589
142199
2134638621
142199
1682833500
142199
1682964573
142533
1682767963
142533
1682833500
142533
1682964573
142699
2135490589
142699
2134638621
142866
1682767963
143032
1682767963
143199
1682767963
143199
1682833500
143199
1683030076
143533
2135490589
143533
2134638621
143533
1682833500
143533
1682964573
143866
1682767963
143866
1682833500
143866
1682964573
144032
2135490589
144032
2134638621
144199
1682964573
144366
2135490589
144366
2134638621
144533
1682767963
144533
1682833500
144533
1682964573
144866
2135490589
144866
2134638621
144866
1682833500
144866
1682964573
145199
1682767963
145199
1682833500
145199
1682964573
145367
2135490589
145367
2134638621
145533
1682964573
145698
2135490589
145698
2134638621
145866
1682767963
145866
1682833500
145866
1682964573
146199
2135490589
146199
2134638621
146199
1682833500
146199
1682964573
146533
1682767963
146533
1682833500
146533
1682964573
146699
2135490589
146699
2134638621
146866
1682964573
147032
2135490589
147032
2134638621
147199
1682767963
147199
1682833500
147199
1682964573
147533
2135490589
147533
2134638621
147533
1682833500
147533
1682964573
147866
1682767963
147866
1682833500
147866
1682964573
148032
2135490589
148032
2134638621
148199
1682964573
148367
1682767963
148450
1682767963
148533
1682767963
148533
1682833500
148699
1682767963
148866
1682767963
148866
1682833500
149033
1682636859
149033
1681784891
149199
1682833500
149199
1682636859
149199
1681784891
149367
2135556125
149367
2134704157
149533
1682833500
149533
2135556125
149533
2134704157
149699
2135490589
149699
2134638621
149699
1683030076
149866
1682833500
150032
1682767963
150199
1682767963
150199
1682833500
150367
2135490589
150367
2134638621
150367
1682964573
150533
1682833500
150699
1682767963
150866
2135490589
150866
2134638621
150866
1682833500
150866
1683030076
151199
2135490589
151199
2134638621
151199
1682833500
151199
1683030076
151533
1682964573
151699
2135490589
151699
2134638621
151699
1682964573
151866
1682767963
151866
1682833500
152199
1682964573
152365
2135490589
152365
2134638621
152365
1682964573
152533
2135490589
152533
2134638621
152533
1682833500
152533
1682964573
152698
1682964573
152866
1682964573
153033
2135490589
153033
2134638621
153033
1682964573
153199
1682767963
153199
1682833500
153532
1682767963
153699
1682767963
153866
2135490589
153866
2134638621
153866
1682833500
153866
1683030076
154199
1682964573
154366
2135490589
154366
2134638621
154366
1682964573
154532
1682767963
154532
1682833500
154866
1682964573
155032
2135490589
155032
2134638621
155032
1682964573
155199
2135490589
155199
2134638621
155199
1682833500
155199
1682964573
155365
1682964573
155532
1682964573
155700
2135490589
155700
2134638621
155700
1682964573
155866
1682767963
155866
1682833500
156033
2135490589
156033
2134638621
156033
1683030076
156366
1681850426
156366
1682702394
156448
1681850426
156448
1682702394
156532
1682767963
156532
1682833500
156699
1682767963
156866
1682767963
156866
1682833500
157033
1682636859
157033
1681784891
157199
1682833500
157199
1682636859
157199
1681784891
157366
2135556125
157366
2134704157
157532
1682833500
157532
2135556125
157532
2134704157
157699
2135490589
157699
2134638621
157699
1683030076
157866
1682833500
158033
1682767963
158199
1682767963
158199
1682833500
158366
2135490589
158366
2134638621
158366
1682964573
158532
1682833500
158699
1682767963
158866
2135490589
158866
2134638621
158866
1682833500
158866
1683030076
159199
1682767963
159199
1682833500
159199
1683030076
159532
2135490589
159532
2134638621
159532
1682833500
159532
1682964573
159866
1682767963
159866
1682833500
159866
1682964573
160033
2135490589
160033
2134638621
160199
1682964573
160366
2135490589
160366
2134638621
160532
1682767963
160532
1682833500
160532
1682964573
160866
2135490589
160866
2134638621
160866
1682833500
160866
1682964573
161199
1682767963
161199
1682833500
161199
1682964573
161367
2135490589
161367
2134638621
161532
1682964573
161698
2135490589
161698
2134638621
161866
1682767963
161866
1682833500
161866
1682964573
162199
2135490589
162199
2134638621
162199
1682833500
162199
1682964573
162532
1682767963
162532
1682833500
162532
1682964573
162699
2135490589
162699
2134638621
162866
1682964573
163033
2135490589
163033
2134638621
163199
1682767963
163199
1682833500
163199
1682964573
163532
2135490589
163532
2134638621
163532
1682833500
163532
1682964573
163866
1682767963
163866
1682833500
163866
1682964573
164033
2135490589
164033
2134638621
164199
1682964573
164366
2135490589
164366
2134638621
164532
1682767963
164532
1682833500
164532
1682964573
164866
2135490589
164866
2134638621
164866
1682833500
164866
1682964573
165199
1682767963
165199
1682833500
165199
1682964573
165367
2135490589
165367
2134638621
165532
1682964573
165698
2135490589
165698
2134638621
165866
1682767963
165866
1682833500
165866
1682964573
166199
2135490589
166199
2134638621
166199
1682833500
166199
1682964573
166532
1682767963
166532
1682833500
166532
1682964573
166699
2135490589
166699
2134638621
166866
1682964573
167033
2135490589
167033
2134638621
167199
1682767963
167199
1682833500
167199
1682964573
167532
2135490589
167532
2134638621
167532
1682833500
167532
1682964573
167866
1682767963
167866
1682833500
167866
1682964573
168033
2135490589
168033
2134638621
168199
1682964573
168366
2135490589
168366
2134638621
168532
1682767963
168532
1682833500
168532
1682964573
168866
2135490589
168866
2134638621
168866
1682833500
168866
1682964573
169199
1682767963
169199
1682833500
169199
1682964573
169366
2135490589
169366
2134638621
169532
1682964573
169699
1682767963
169783
1682767963
169866
1682767963
169866
1682833500
169866
1683030076
170199
2135490589
170199
2134638621
170532
1682767963
170532
1682833500
170532
1682964573
170699
2135490589
170699
2134638621
171032
2135490589
171032
2134638621
171199
1682767963
171199
1682833500
171199
1683030076
171532
2135490589
171532
2134638621
171866
1682767963
171866
1682833500
171866
1682964573
172032
2135490589
172032
2134638621
172365
2135490589
172365
2134638621
172532
1682767963
172532
1682833500
172532
1683030076
172866
2135490589
172866
2134638621
173199
1682767963
173199
1682833500
173199
1682964573
173366
2135490589
173366
2134638621
173699
2135490589
173699
2134638621
173866
1682767963
173866
1682833500
173866
1683030076
174199
2135490589
174199
2134638621
174532
1682767963
174532
1682833500
174532
1682964573
174699
2135490589
174699
2134638621
175032
2135490589
175032
2134638621
175199
1682767963
175199
1682833500
175199
1683030076
175532
2135490589
175532
2134638621
175866
1682767963
175866
1682833500
175866
1682964573
176032
2135490589
176032
2134638621
176365
2135490589
176365
2134638621
176532
1682767963
176532
1682833500
176532
1683030076
176866
2135490589
176866
2134638621
177199
1682767963
177199
1682833500
177199
1682964573
177365
2135490589
177365
2134638621
177699
2135490589
177699
2134638621
177866
1682767963
177866
1682833500
177866
1683030076
178199
2135490589
178199
2134638621
178532
1682767963
178532
1682833500
178532
1682964573
178699
2135490589
178699
2134638621
179032
2135490589
179032
2134638621
179199
1682767963
179199
1682833500
179199
1683030076
179532
2135490589
179532
2134638621
179866
1682767963
179866
1682833500
179866
1682964573
180032
2135490589
180032
2134638621
180366
1682767963
180449
1682767963
180532
1682767963
180532
1682833500
180699
1682767963
180866
1682767963
180866
1682833500
181032
1682636859
181032
1681784891
181199
1682833500
181199
1682636859
181199
1681784891
181365
2135556125
181365
2134704157
181532
1682833500
181532
2135556125
181532
2134704157
181699
2135490589
181699
2134638621
181699
1683030076
181866
1682833500
182032
1682767963
182199
1682767963
182199
1682833500
182366
2135490589
182366
2134638621
182366
1682964573
182532
1682833500
182699
1682767963
182866
2135490589
182866
2134638621
182866
1682833500
182866
1683030076
183199
2135490589
183199
2134638621
183199
1682833500
183199
1683030076
183532
1682964573
183699
2135490589
183699
2134638621
183699
1682964573
183866
1682767963
183866
1682833500
184199
1682964573
184364
2135490589
184364
2134638621
184364
1682964573
184532
2135490589
184532
2134638621
184532
1682833500
184532
1682964573
184699
1682964573
184866
1682964573
185033
2135490589
185033
2134638621
185033
1682964573
185199
1682767963
185199
1682833500
185532
1682767963
185699
1682767963
185866
2135490589
185866
2134638621
185866
1682833500
185866
1683030076
186199
1682964573
186365
2135490589
186365
2134638621
186365
1682964573
186532
1682767963
186532
1682833500
186866
1682964573
187032
2135490589
187032
2134638621
187032
1682964573
187199
2135490589
187199
2134638621
187199
1682833500
187199
1682964573
187364
1682964573
187532
1682964573
187700
2135490589
187700
2134638621
187700
1682964573
187866
1682767963
187866
1682833500
188033
1683030076
188365
1682767963
188448
1682767963
188532
1682767963
188532
1682833500
188699
1682767963
188866
1682767963
188866
1682833500
189033
1682767963
189199
1682767963
189199
1682833500
189365
1682767963
189532
1682767963
189532
1682833500
189699
2135490589
189699
2134638621
189699
1683030076
189866
1682833500
190033
1682767963
190199
1682767963
190199
1682833500
190365
2135490589
190365
2134638621
190365
1682964573
190532
1682833500
190699
1682767963
190866
2135490589
190866
2134638621
190866
1682833500
190866
1683030076
191199
1682767963
191199
1682833500
191282
1682636859
191282
1681784891
191366
2135556125
191366
2134704157
191449
2135490589
191449
2134638621
191532
1682833500
191532
2135556125
191532
2134704157
191616
1682636859
191616
1681784891
191699
1682636859
191699
1681784891
191783
1682636859
191783
1681784891
191866
1682833500
191866
1682636859
191866
1681784891
191949
2135490589
191949
2134638621
192032
2135556125
192032
2134704157
192116
2135556125
192116
2134704157
192199
1682833500
192199
2135556125
192199
2134704157
192282
2135556125
192282
2134704157
192366
2135490589
192366
2134638621
192366
1683030076
192532
1682833500
192699
1682767963
192866
1682767963
192866
1682833500
193032
2135490589
193032
2134638621
193032
1682964573
193199
1682833500
193366
1682767963
193532
2135490589
193532
2134638621
193532
1682833500
193532
1683030076
193866
2135490589
193866
2134638621
193866
1682833500
193866
1683030076
194532
2135490589
194532
2134638621
194532
1682833500
194532
1682636859
194532
1681784891
194532
2135556125
194532
2134704157
195199
1682833500
195866
2135490589
195866
2134638621
195866
1682833500
195866
1682636859
195866
1681784891
195866
2135556125
195866
2134704157
196532
1682833500
197199
2135490589
197199
2134638621
197199
1682833500
197199
1682636859
197199
1681784891
197199
2135556125
197199
2134704157
197866
1682833500
198532
2135490589
198532
2134638621
198532
1682833500
198532
1682636859
198532
1681784891
198532
2135556125
198532
2134704157
199199
1682833500
199866
2135490589
199866
2134638621
199866
1682833500
199866
1682636859
199866
1681784891
199866
2135556125
199866
2134704157
200532
1682833500
201199
2135490589
201199
2134638621
201199
1682833500
201199
1682636859
201199
1681784891
201199
2135556125
201199
2134704157
201699
1682767963
201783
1682767963
201866
2135490589
201866
2134638621
201866
1682767963
201866
1682833500
202032
1682767963
202199
1682767963
202366
1682767963
202532
2135490589
202532
2134638621
202532
1682767963
202532
1682833500
202532
1683030076
203199
2135490589
203199
2134638621
203199
1682767963
203199
1682833500
203365
1682767963
203532
1682767963
203700
1682767963
203866
2135490589
203866
2134638621
203866
1682767963
203866
1682833500
203866
1682964573
204532
2135490589
204532
2134638621
204532
1682767963
204532
1682833500
204699
1682767963
204866
1682767963
205033
1682767963
205199
2135490589
205199
2134638621
205199
1682767963
205199
1682833500
205199
1683030076
205866
2135490589
205866
2134638621
205866
1682767963
205866
1682833500
205866
2135556125
205866
2134704157
206032
1682767963
206032
2135556125
206032
2134704157
206199
1682767963
206199
2135556125
206199
2134704157
206365
1682767963
206365
2135556125
206365
2134704157
206532
1682767963
206532
1682833500
206532
2135556125
206532
2134704157
206699
1682767963
206699
2135556125
206699
2134704157
206866
1682767963
206866
2135556125
206866
2134704157
207032
2135490589
207032
2134638621
207032
1682833500
207032
2135556125
207032
2134704157
207866
2135490589
207866
2134638621
207866
1682833500
207866
1682636859
207866
1681784891
207866
2135556125
207866
2134704157
208532
2135490589
208532
2134638621
208532
1682767963
208532
1682833500
208532
2135556125
208532
2134704157
208699
1682767963
208699
2135556125
208699
2134704157
208866
1682767963
208866
2135556125
208866
2134704157
209032
1682767963
209032
2135556125
209032
2134704157
209199
1682767963
209199
1682833500
209199
2135556125
209199
2134704157
209365
1682767963
209365
2135556125
209365
2134704157
209532
1682767963
209532
2135556125
209532
2134704157
209699
2135490589
209699
2134638621
209699
1682833500
209699
2135556125
209699
2134704157
210532
2135490589
210532
2134638621
210532
1682833500
210532
1682636859
210532
1681784891
210532
2135556125
210532
2134704157
211199
2135490589
211199
2134638621
211199
1682767963
211199
1682833500
211199
2135556125
211199
2134704157
211365
1682767963
211365
2135556125
211365
2134704157
211532
1682767963
211532
2135556125
211532
2134704157
211699
1682767963
211699
2135556125
211699
2134704157
211866
1682767963
211866
1682833500
211866
2135556125
211866
2134704157
212032
1682767963
212032
2135556125
212032
2134704157
212199
1682767963
212199
2135556125
212199
2134704157
212365
2135490589
212365
2134638621
212365
1682833500
212365
2135556125
212365
2134704157
213199
2135490589
213199
2134638621
213199
1682833500
213199
1682636859
213199
1681784891
213199
2135556125
213199
2134704157
213699
1682767963
213782
1682767963
213866
2135490589
213866
2134638621
213866
1682767963
213866
1682833500
214032
1682767963
214199
1682767963
214365
1682767963
214532
2135490589
214532
2134638621
214532
1682767963
214532
1682833500
214532
1683030076
215199
2135490589
215199
2134638621
215199
1682767963
215199
1682833500
215365
1682767963
215532
1682767963
215699
1682767963
215866
2135490589
215866
2134638621
215866
1682767963
215866
1682833500
215866
1682964573
216532
2135490589
216532
2134638621
216532
1682767963
216532
1682833500
216699
1682767963
216866
1682767963
217032
1682767963
217199
2135490589
217199
2134638621
217199
1682767963
217199
1682833500
217199
1682964573
217866
2135490589
217866
2134638621
217866
1682767963
217866
1682833500
217866
2135556125
217866
2134704157
218032
1682767963
218032
2135556125
218032
2134704157
218199
1682767963
218199
2135556125
218199
2134704157
218365
1682767963
218365
2135556125
218365
2134704157
218532
1682767963
218532
1682833500
218532
2135556125
218532
2134704157
218699
1682767963
218699
2135556125
218699
2134704157
218866
1682767963
218866
2135556125
218866
2134704157
219032
2135490589
219032
2134638621
219032
1682833500
219032
2135556125
219032
2134704157
219866
2135490589
219866
2134638621
219866
1682833500
219866
1682636859
219866
1681784891
219866
2135556125
219866
2134704157
220532
2135490589
220532
2134638621
220532
1682767963
220532
1682833500
220532
2135556125
220532
2134704157
220699
1682767963
220699
2135556125
220699
2134704157
220866
1682767963
220866
2135556125
220866
2134704157
221032
1682767963
221032
2135556125
221032
2134704157
221199
1682767963
221199
1682833500
221199
2135556125
221199
2134704157
221365
1682767963
221365
2135556125
221365
2134704157
221532
1682767963
221532
2135556125
221532
2134704157
221699
2135490589
221699
2134638621
221699
1682833500
221699
2135556125
221699
2134704157
222532
2135490589
222532
2134638621
222532
1682833500
222532
1682636859
222532
1681784891
222532
2135556125
222532
2134704157
223199
2135490589
223199
2134638621
223199
1682767963
223199
1682833500
223199
2135556125
223199
2134704157
223365
1682767963
223365
2135556125
223365
2134704157
223532
1682767963
223532
2135556125
223532
2134704157
223699
1682767963
223699
2135556125
223699
2134704157
223866
1682767963
223866
1682833500
223866
2135556125
223866
2134704157
224032
1682767963
224032
2135556125
224032
2134704157
224199
1682767963
224199
2135556125
224199
2134704157
224365
2135490589
224365
2134638621
224365
1682833500
224365
2135556125
224365
2134704157
225199
2135490589
225199
2134638621
225199
1682833500
225199
1682636859
225199
1681784891
225199
2135556125
225199
2134704157
225866
2135490589
225866
2134638621
225866
1682767963
225866
1682833500
226032
1682767963
226199
1682767963
226365
1682767963
226532
2135490589
226532
2134638621
226532
1682767963
226532
1682833500
226532
1682964573
227199
2135490589
227199
2134638621
227199
1682767963
227199
1682833500
227365
1682767963
227532
1682767963
227699
1682767963
227866
2135490589
227866
2134638621
227866
1682767963
227866
1682833500
227866
1683030076
228532
2135490589
228532
2134638621
228532
1682767963
228532
1682833500
228699
1682767963
228866
1682767963
229032
1682767963
229199
2135490589
229199
2134638621
229199
1682767963
229199
1682833500
229199
1682964573
229866
2135490589
229866
2134638621
229866
1682767963
229866
1682833500
229899
1682767963
230199
1682636859
230199
1681784891
230235
1682636859
230235
1681784891
230532
2135490589
230532
2134638621
230532
1682833500
230532
2135556125
230532
2134704157
230699
2135556125
230699
2134704157
230866
2135556125
230866
2134704157
231032
2135490589
231032
2134638621
231032
1683030076
231199
1682833500
231866
2135490589
231866
2134638621
231866
1682833500
231866
1682636859
231866
1681784891
231866
2135556125
231866
2134704157
232366
1682767963
232449
1682767963
232532
2135490589
232532
2134638621
232532
1682767963
232532
1682833500
232699
1682767963
232866
1682767963
233032
1682767963
233199
2135490589
233199
2134638621
233199
1682767963
233199
1682833500
233866
1682833500
234532
1682833500
235199
2135490589
235199
2134638621
235199
1682767963
235199
1682833500
235365
1682767963
235532
1682767963
235699
1682767963
235866
2135490589
235866
2134638621
235866
1682767963
235866
1682833500
236532
1682833500
237199
1682833500
237866
1682833500
238532
1682833500
239199
1682833500
239699
2135490589
239699
2134638621
239783
2135490589
239783
2134638621
239866
1682767963
239866
1682833500
239866
1682964573
