3210
2135556125
3210
2134704157
3352
2135556125
3352
2134704157
3494
2135556125
3494
2134704157
3636
2135556125
3636
2134704157
3778
2135556125
3778
2134704157
4063
2135490589
4063
2134638621
4063
1683030076
5490
2135556125
5490
2134704157
5627
2135556125
5627
2134704157
5764
2135556125
5764
2134704157
5902
2135556125
5902
2134704157
6039
2135556125
6039
2134704157
6313
2135490589
6313
2134638621
6313
1683030076
6451
2135490589
6451
2134638621
6451
1683030076
7686
2135556125
7686
2134704157
7823
2135556125
7823
2134704157
7960
2135556125
7960
2134704157
8097
2135556125
8097
2134704157
8234
2135556125
8234
2134704157
8508
2135490589
8508
2134638621
8508
1683030076
9930
2135556125
9930
2134704157
10062
2135556125
10062
2134704157
10195
2135556125
10195
2134704157
10327
2135556125
10327
2134704157
10460
2135556125
10460
2134704157
10725
2135490589
10725
2134638621
10725
1683030076
10858
2135490589
10858
2134638621
10858
1683030076
12135
2135556125
12135
2134704157
12281
2135556125
12281
2134704157
12427
2135556125
12427
2134704157
12573
2135556125
12573
2134704157
12719
2135556125
12719
2134704157
12964
2135490589
12964
2134638621
12964
1683030076
13700
2135490589
13700
2134638621
13700
1683030076
14315
2135556125
14315
2134704157
14457
2135556125
14457
2134704157
14599
2135556125
14599
2134704157
14741
2135556125
14741
2134704157
14883
2135556125
14883
2134704157
15167
2135490589
15167
2134638621
15167
1683030076
15309
2135490589
15309
2134638621
15309
1683030076
16019
2135490589
16019
2134638621
16019
1683030076
16565
2135556125
16565
2134704157
16711
2135556125
16711
2134704157
16857
2135556125
16857
2134704157
17003
2135556125
17003
2134704157
17149
2135556125
17149
2134704157
17403
2135490589
17403
2134638621
17403
1683030076
18164
2135490589
18164
2134638621
18164
1683030076
18761
2135556125
18761
2134704157
18894
2135556125
18894
2134704157
19027
2135556125
19027
2134704157
19161
2135556125
19161
2134704157
19294
2135556125
19294
2134704157
19560
2135490589
19560
2134638621
19560
1683030076
19693
2135490589
19693
2134638621
19693
1683030076
20453
2135490589
20453
2134638621
20453
1683030076
21328
2135490589
21328
2134638621
21328
1683030076
21619
2135490589
21619
2134638621
21619
1683030076
21911
2135490589
21911
2134638621
21911
1683030076
22202
2135490589
22202
2134638621
22202
1683030076
28921
1681850426
28921
1682702394
28993
1681850426
28993
1682702394
29064
1681850426
29064
1682702394
29207
1681850426
29207
1682702394
29350
1681850426
29350
1682702394
29493
1681850426
29493
1682702394
29636
1681850426
29636
1682702394
29779
1682636859
29779
1681784891
29922
1682636859
29922
1681784891
30065
1682636859
30065
1681784891
30208
1682636859
30208
1681784891
30356
1682636859
30356
1681784891
30504
1682636859
30504
1681784891
30652
2135556125
30652
2134704157
30800
2135556125
30800
2134704157
30949
2135556125
30949
2134704157
31097
2135556125
31097
2134704157
31393
2135490589
31393
2134638621
31393
1683030076
31686
1682767963
31686
1682833500
31979
1682833500
32126
2135490589
32126
2134638621
32273
1682767963
32273
1682833500
32420
2135490589
32420
2134638621
32566
1682833500
32713
2135490589
32713
2134638621
32786
2135490589
32786
2134638621
32860
1682767963
32860
1682833500
33152
2135490589
33152
2134638621
33152
1682833500
33298
2135490589
33298
2134638621
33446
1682767963
33446
1682833500
33739
2135490589
33739
2134638621
33739
1683030076
34032
1682767963
34032
1682833500
34325
1682833500
34472
2135490589
34472
2134638621
34619
1682767963
34619
1682833500
34765
2135490589
34765
2134638621
34912
1682833500
35059
2135490589
35059
2134638621
35132
2135490589
35132
2134638621
35205
1682767963
35205
1682833500
35498
2135490589
35498
2134638621
35498
1682833500
35645
2135490589
35645
2134638621
35792
1682767963
35792
1682833500
35939
1682767963
36085
2135490589
36085
2134638621
36085
1682833500
36232
2135490589
36232
2134638621
36379
1682767963
36379
1683030076
36672
2135490589
36672
2134638621
36672
1682833500
36819
2135490589
36819
2134638621
36966
1682767963
36966
1682833500
37112
2135490589
37112
2134638621
37259
1682833500
37406
2135490589
37406
2134638621
37480
2135490589
37480
2134638621
37553
1682767963
37553
1682833500
37846
2135490589
37846
2134638621
37846
1682833500
37993
2135490589
37993
2134638621
38140
1682767963
38140
1682833500
38433
2135490589
38433
2134638621
38433
1683030076
38743
1682767963
38743
1682833500
39053
2135490589
39053
2134638621
39053
1682833500
39197
2135490589
39197
2134638621
39341
1682767963
39341
1682833500
39629
1682767963
39773
1682767963
39917
1682767963
40060
1682767963
40205
1682767963
40349
1682767963
40492
1682636859
40492
1681784891
40541
2135556125
40541
2134704157
40588
2135490589
40588
2134638621
40636
2135490589
40636
2134638621
40781
2135490589
40781
2134638621
40928
2135490589
40928
2134638621
41075
1682767963
41075
1683030076
41370
2135490589
41370
2134638621
41517
2135490589
41517
2134638621
41664
1682767963
41664
1683030076
41958
2135490589
41958
2134638621
41958
1682833500
42106
2135490589
42106
2134638621
42253
1682767963
42253
1682833500
42548
2135490589
42548
2134638621
42548
1682833500
42695
2135490589
42695
2134638621
42842
1682767963
42842
1682833500
43137
2135490589
43137
2134638621
43137
1682833500
43284
2135490589
43284
2134638621
43431
1682767963
43431
1683030076
43726
2135490589
43726
2134638621
43726
1682833500
43873
2135490589
43873
2134638621
44020
1682767963
44020
1683030076
44315
1682767963
44462
1682767963
44609
1682767963
44757
1682767963
44904
1682767963
45052
1682767963
45199
1682636859
45199
1681784891
45272
2135556125
45272
2134704157
45297
2135490589
45297
2134638621
45347
2135490589
45347
2134638621
45493
2135490589
45493
2134638621
45640
2135490589
45640
2134638621
45787
1682767963
45787
1683030076
46083
2135490589
46083
2134638621
46230
2135490589
46230
2134638621
46377
1682767963
46377
1683030076
46672
2135490589
46672
2134638621
46672
1682833500
46819
2135490589
46819
2134638621
46967
1682767963
46967
1682833500
47261
2135490589
47261
2134638621
47261
1682833500
47410
2135490589
47410
2134638621
47558
1682767963
47558
1682833500
47854
2135490589
47854
2134638621
47854
1682833500
48002
2135490589
48002
2134638621
48151
1682767963
48151
1683030076
48448
2135490589
48448
2134638621
48448
1682833500
48596
2135490589
48596
2134638621
48745
1682767963
48745
1683030076
49041
1681850426
49041
1682702394
49115
1681850426
49115
1682702394
49191
1681850426
49191
1682702394
49264
1681850426
49264
1682702394
49339
1682636859
49339
1681784891
49413
1682636859
49413
1681784891
49487
1682636859
49487
1681784891
49561
1682636859
49561
1681784891
49636
2135556125
49636
2134704157
49784
2135556125
49784
2134704157
49932
1682767963
50228
2135490589
50228
2134638621
50228
1683030076
50526
1682767963
50526
1682833500
50823
1682833500
50971
2135490589
50971
2134638621
51121
1682767963
51121
1682833500
51269
2135490589
51269
2134638621
51418
1682833500
51567
2135490589
51567
2134638621
51641
2135490589
51641
2134638621
51715
1682767963
51715
1682833500
52012
2135490589
52012
2134638621
52012
1682833500
52161
2135490589
52161
2134638621
52309
1682767963
52309
1682833500
52607
2135490589
52607
2134638621
52607
1683030076
52905
1682767963
52905
1682833500
53202
1682833500
53350
2135490589
53350
2134638621
53499
1682767963
53499
1682833500
53647
2135490589
53647
2134638621
53796
1682833500
53945
2135490589
53945
2134638621
54093
1682767963
54093
1682833500
54391
2135490589
54391
2134638621
54391
1682833500
54691
1682636859
54691
1681784891
54741
2135556125
54741
2134704157
54792
2135490589
54792
2134638621
54841
2135490589
54841
2134638621
54991
2135490589
54991
2134638621
54991
1683030076
55292
1682767963
55292
1682833500
55592
1682833500
55742
2135490589
55742
2134638621
55892
1682767963
55892
1682833500
56042
2135490589
56042
2134638621
56192
2135490589
56192
2134638621
56192
1682833500
56342
2135490589
56342
2134638621
56492
1682767963
56492
1682833500
56793
1682833500
56942
2135490589
56942
2134638621
57093
1682767963
57093
1682833500
57243
2135490589
57243
2134638621
57393
2135490589
57393
2134638621
57393
1682833500
57543
2135490589
57543
2134638621
57693
1682767963
57693
1682833500
57994
2135490589
57994
2134638621
57994
1682833500
58136
2135490589
58136
2134638621
58278
1682767963
58314
1682767963
58562
2135490589
58562
2134638621
58562
1682833500
58704
2135490589
58704
2134638621
58846
1682767963
58846
1683030076
59130
2135490589
59130
2134638621
59130
1683030076
59425
1682767963
59425
1683030076
59721
2135490589
59721
2134638621
59721
1683030076
60016
1682767963
60016
1682833500
60312
1682833500
60460
2135490589
60460
2134638621
60609
1682767963
60609
1682833500
60756
2135490589
60756
2134638621
60903
1682833500
61051
2135490589
61051
2134638621
61125
2135490589
61125
2134638621
61199
1682767963
61199
1682833500
61494
2135490589
61494
2134638621
61494
1682833500
61642
2135490589
61642
2134638621
61790
1682767963
61790
1682833500
62086
2135490589
62086
2134638621
62086
1683030076
62383
1682767963
62383
1682833500
62678
1682833500
62826
2135490589
62826
2134638621
62973
1682767963
62973
1682833500
63121
2135490589
63121
2134638621
63269
1682833500
63417
2135490589
63417
2134638621
63491
2135490589
63491
2134638621
63564
1682767963
63564
1682833500
63860
2135490589
63860
2134638621
63860
1682833500
64010
2135490589
64010
2134638621
64158
1682767963
64158
1683030076
64455
2135490589
64455
2134638621
64455
1683030076
64753
1682767963
64753
1682833500
65051
1682833500
65199
2135490589
65199
2134638621
65349
1682767963
65349
1682833500
65498
2135490589
65498
2134638621
65646
1682833500
65796
2135490589
65796
2134638621
65870
2135490589
65870
2134638621
65944
1682767963
65944
1682833500
66242
2135490589
66242
2134638621
66242
1682833500
66392
2135490589
66392
2134638621
66543
1682767963
66543
1682833500
66833
2135490589
66833
2134638621
66833
1683030076
67133
1682767963
67133
1682833500
67434
1682833500
67584
2135490589
67584
2134638621
67734
1682767963
67734
1682833500
68034
2135490589
68034
2134638621
68034
1682833500
68183
2135490589
68183
2134638621
68333
1682767963
68333
1682833500
68484
1682767963
68559
1682767963
68634
1682767963
68784
1682767963
68934
1682767963
69234
2135490589
69234
2134638621
69234
1683030076
69534
1682767963
69534
1682833500
69835
1682833500
69985
2135490589
69985
2134638621
70135
1682767963
70135
1682833500
70284
2135490589
70284
2134638621
70435
1682833500
70585
2135490589
70585
2134638621
70660
2135490589
70660
2134638621
70735
1682767963
70735
1682833500
71035
2135490589
71035
2134638621
71035
1682833500
71185
2135490589
71185
2134638621
71334
1682767963
71334
1682833500
71615
2135490589
71615
2134638621
71615
1683030076
71915
1682767963
71915
1682833500
72214
1682833500
72365
2135490589
72365
2134638621
72515
1682767963
72515
1682833500
72664
2135490589
72664
2134638621
72813
1682833500
72963
2135490589
72963
2134638621
73038
2135490589
73038
2134638621
73113
1682767963
73113
1682833500
73413
2135490589
73413
2134638621
73413
1682833500
73562
2135490589
73562
2134638621
73712
1682767963
73712
1683030076
74012
2135490589
74012
2134638621
74012
1683030076
74312
1682767963
74312
1682833500
74611
1682833500
74761
2135490589
74761
2134638621
74911
1682767963
74911
1682833500
75061
2135490589
75061
2134638621
75210
1682833500
75360
2135490589
75360
2134638621
75435
2135490589
75435
2134638621
75510
1682767963
75510
1682833500
75810
2135490589
75810
2134638621
75810
1682833500
75959
2135490589
75959
2134638621
76109
1682767963
76109
1682833500
76409
2135490589
76409
2134638621
76409
1682833500
76558
2135490589
76558
2134638621
76708
1682767963
76708
1683030076
77006
2135490589
77006
2134638621
77006
1682833500
77154
2135490589
77154
2134638621
77304
1682767963
77304
1682833500
77605
1682767963
77754
1682767963
77903
1682767963
78050
1682767963
78199
1682767963
78349
1682767963
78500
1682636859
78500
1681784891
78550
2135556125
78550
2134704157
78599
2135490589
78599
2134638621
78649
2135490589
78649
2134638621
78798
2135490589
78798
2134638621
78948
2135490589
78948
2134638621
79097
1682767963
79097
1683030076
79395
2135490589
79395
2134638621
79545
2135490589
79545
2134638621
79694
1682767963
79694
1683030076
79992
2135490589
79992
2134638621
79992
1682833500
80141
2135490589
80141
2134638621
80291
1682767963
80291
1682833500
80589
2135490589
80589
2134638621
80589
1682833500
80738
2135490589
80738
2134638621
80888
1682767963
80888
1682833500
81186
2135490589
81186
2134638621
81186
1682833500
81334
2135490589
81334
2134638621
81483
1682767963
81483
1683030076
81779
2135490589
81779
2134638621
81779
1682833500
81928
2135490589
81928
2134638621
82076
1682767963
82076
1683030076
82372
1682767963
82520
1682767963
82669
1682767963
82817
1682767963
82966
1682767963
83113
1682767963
83262
1682636859
83262
1681784891
83312
2135556125
83312
2134704157
83361
2135490589
83361
2134638621
83411
2135490589
83411
2134638621
83559
2135490589
83559
2134638621
83708
2135490589
83708
2134638621
83857
1682767963
83857
1683030076
84155
2135490589
84155
2134638621
84304
2135490589
84304
2134638621
84453
1682767963
84453
1683030076
84751
2135490589
84751
2134638621
84751
1682833500
84901
2135490589
84901
2134638621
85050
1682767963
85050
1682833500
85347
2135490589
85347
2134638621
85347
1682833500
85497
2135490589
85497
2134638621
85646
1682767963
85646
1682833500
85944
2135490589
85944
2134638621
85944
1682833500
86093
2135490589
86093
2134638621
86242
1682767963
86242
1683030076
86540
2135490589
86540
2134638621
86540
1682833500
86688
2135490589
86688
2134638621
86837
1682767963
86837
1683030076
87135
1681850426
87135
1682702394
87210
1681850426
87210
1682702394
87284
1681850426
87284
1682702394
87358
1681850426
87358
1682702394
87433
1682636859
87433
1681784891
87508
1682636859
87508
1681784891
87581
1682636859
87581
1681784891
87657
1682636859
87657
1681784891
87731
2135556125
87731
2134704157
87886
2135556125
87886
2134704157
88040
1682767963
88349
2135490589
88349
2134638621
88349
1683030076
88644
1682767963
88644
1682833500
88938
1682833500
89085
2135490589
89085
2134638621
89232
1682767963
89232
1682833500
89380
2135490589
89380
2134638621
89527
1682833500
89674
2135490589
89674
2134638621
89748
2135490589
89748
2134638621
89821
1682767963
89821
1682833500
90116
2135490589
90116
2134638621
90116
1682833500
90253
1682767963
90253
1683030076
90666
2135490589
90666
2134638621
90666
1683030076
90970
1682767963
90970
1682833500
91272
2135490589
91272
2134638621
91272
1682833500
91423
2135490589
91423
2134638621
91575
1682767963
91575
1682833500
91726
2135490589
91726
2134638621
91879
2135490589
91879
2134638621
91879
1682833500
92030
2135490589
92030
2134638621
92181
1682767963
92181
1682833500
92333
2135490589
92333
2134638621
92485
2135490589
92485
2134638621
92485
1682833500
92636
2135490589
92636
2134638621
92788
1682767963
92788
1682833500
93091
2135490589
93091
2134638621
93091
1683030076
93391
1682767963
93391
1682833500
93691
1682833500
93841
2135490589
93841
2134638621
93991
1682767963
93991
1682833500
94293
1682833500
94441
2135490589
94441
2134638621
94516
2135490589
94516
2134638621
94591
1682767963
94591
1682833500
94892
2135490589
94892
2134638621
94892
1682833500
95026
1682767963
95026
1683030076
95428
2135490589
95428
2134638621
95428
1683030076
95737
1682767963
95737
1682833500
96045
2135490589
96045
2134638621
96045
1682833500
96200
2135490589
96200
2134638621
96355
1682767963
96355
1682833500
96509
1682767963
96663
2135490589
96663
2134638621
96663
1682833500
96810
2135490589
96810
2134638621
96957
1682767963
96957
1682833500
97104
1682767963
97253
2135490589
97253
2134638621
97253
1682833500
97400
2135490589
97400
2134638621
97548
1682767963
97548
1682833500
97843
2135490589
97843
2134638621
97843
1683030076
98138
1682767963
98138
1682833500
98432
1682833500
98580
2135490589
98580
2134638621
98729
1682767963
98729
1682833500
98875
2135490589
98875
2134638621
99023
1682833500
99170
2135490589
99170
2134638621
99244
2135490589
99244
2134638621
99317
1682767963
99317
1682833500
99612
2135490589
99612
2134638621
99612
1682833500
99749
1682767963
99749
1683030076
100159
2135490589
100159
2134638621
100159
1683030076
100460
1682767963
100460
1682833500
100761
2135490589
100761
2134638621
100761
1682833500
100910
2135490589
100910
2134638621
101061
1682767963
101061
1682833500
101212
2135490589
101212
2134638621
101362
2135490589
101362
2134638621
101362
1682833500
101512
2135490589
101512
2134638621
101663
1682767963
101663
1682833500
101813
2135490589
101813
2134638621
101965
2135490589
101965
2134638621
101965
1682833500
102122
2135490589
102122
2134638621
102277
1682767963
102277
1682833500
102593
2135490589
102593
2134638621
102593
1683030076
102888
1682767963
102888
1682833500
103185
1682833500
103333
2135490589
103333
2134638621
103481
1682767963
103481
1682833500
103628
2135490589
103628
2134638621
103777
1682833500
103925
2135490589
103925
2134638621
103999
2135490589
103999
2134638621
104072
1682767963
104072
1682833500
104369
2135490589
104369
2134638621
104369
1682833500
104518
2135490589
104518
2134638621
104664
1682767963
104664
1682833500
104961
1682767963
105108
1682767963
105255
1682767963
105403
1682767963
105550
1682767963
105696
1682767963
105845
1682636859
105845
1681784891
105894
2135556125
105894
2134704157
105943
2135490589
105943
2134638621
105992
2135490589
105992
2134638621
106139
2135490589
106139
2134638621
106286
2135490589
106286
2134638621
106433
1682767963
106433
1683030076
106728
2135490589
106728
2134638621
106728
1683030076
107022
2135490589
107022
2134638621
107022
1682833500
107317
2135490589
107317
2134638621
107317
1683030076
107616
1682767963
107616
1682833500
107914
1682833500
108063
2135490589
108063
2134638621
108212
1682767963
108212
1682833500
108361
2135490589
108361
2134638621
108511
1682833500
108660
2135490589
108660
2134638621
108735
2135490589
108735
2134638621
108809
1682767963
108809
1682833500
109108
2135490589
109108
2134638621
109108
1682833500
109254
2135490589
109254
2134638621
109402
1682767963
109402
1683030076
109697
2135490589
109697
2134638621
109697
1683030076
109994
1682767963
109994
1682833500
110294
1682833500
110441
2135490589
110441
2134638621
110591
1682767963
110591
1682833500
110739
2135490589
110739
2134638621
110888
1682833500
111037
2135490589
111037
2134638621
111112
2135490589
111112
2134638621
111186
1682767963
111186
1682833500
111484
2135490589
111484
2134638621
111484
1682833500
111632
2135490589
111632
2134638621
111782
1682767963
111819
1682767963
112080
2135490589
112080
2134638621
112080
1683030076
112380
1682767963
112380
1682833500
112681
1682833500
112830
2135490589
112830
2134638621
112981
1682767963
112981
1682833500
113130
2135490589
113130
2134638621
113281
2135490589
113281
2134638621
113281
1682833500
113431
2135490589
113431
2134638621
113582
1682767963
113582
1682833500
113881
1682833500
114031
2135490589
114031
2134638621
114183
1682767963
114183
1682833500
114332
2135490589
114332
2134638621
114482
2135490589
114482
2134638621
114482
1682833500
114632
2135490589
114632
2134638621
114782
1682767963
114782
1682833500
115082
2135490589
115082
2134638621
115082
1682833500
115228
2135490589
115228
2134638621
115376
1682767963
115415
1682767963
115671
2135490589
115671
2134638621
115671
1682833500
115817
2135490589
115817
2134638621
115964
1682767963
115964
1683030076
116258
2135490589
116258
2134638621
116258
1683030076
116552
1682767963
116552
1683030076
116847
2135490589
116847
2134638621
116847
1683030076
117145
1682767963
117145
1682833500
117444
1682833500
117592
2135490589
117592
2134638621
117742
1682767963
117742
1682833500
117892
2135490589
117892
2134638621
118042
1682833500
118191
2135490589
118191
2134638621
118266
2135490589
118266
2134638621
118341
1682767963
118341
1682833500
118640
2135490589
118640
2134638621
118640
1682833500
118789
2135490589
118789
2134638621
118940
1682767963
118940
1682833500
119238
2135490589
119238
2134638621
119238
1683030076
119537
1682767963
119537
1682833500
119836
1682833500
119984
2135490589
119984
2134638621
120134
1682767963
120134
1682833500
120434
1682833500
120583
2135490589
120583
2134638621
120658
2135490589
120658
2134638621
120733
1682767963
120733
1682833500
121033
2135490589
121033
2134638621
121033
1682833500
121181
2135490589
121181
2134638621
121331
1682767963
121331
1682833500
121630
2135490589
121630
2134638621
121630
1683030076
121929
1682767963
121929
1682833500
122227
1682833500
122376
2135490589
122376
2134638621
122526
1682767963
122526
1682833500
122674
2135490589
122674
2134638621
122824
1682833500
122973
2135490589
122973
2134638621
123048
2135490589
123048
2134638621
123124
1682767963
123124
1682833500
123421
2135490589
123421
2134638621
123421
1682833500
123570
2135490589
123570
2134638621
123721
1682767963
123721
1683030076
124018
2135490589
124018
2134638621
124018
1683030076
124317
1682767963
124317
1682833500
124617
1682833500
124765
2135490589
124765
2134638621
124915
1682767963
124915
1682833500
125064
2135490589
125064
2134638621
125213
1682833500
125361
2135490589
125361
2134638621
125512
1682767963
125512
1682833500
125661
1682767963
125737
1682767963
125810
1682767963
125960
1682767963
126110
1682767963
126407
2135490589
126407
2134638621
126407
1683030076
126702
1682767963
126702
1682833500
126997
1682833500
127145
2135490589
127145
2134638621
127291
1682767963
127291
1682833500
127439
2135490589
127439
2134638621
127586
1682833500
127733
2135490589
127733
2134638621
127808
2135490589
127808
2134638621
127881
1682767963
127881
1682833500
128175
2135490589
128175
2134638621
128175
1682833500
128323
2135490589
128323
2134638621
128470
1682767963
128470
1682833500
128766
2135490589
128766
2134638621
128766
1683030076
129066
1682767963
129066
1682833500
129365
1682833500
129514
2135490589
129514
2134638621
129664
1682767963
129664
1682833500
129814
2135490589
129814
2134638621
129965
1682833500
130115
2135490589
130115
2134638621
130189
2135490589
130189
2134638621
130264
1682767963
130264
1682833500
130564
2135490589
130564
2134638621
130564
1682833500
130714
2135490589
130714
2134638621
130864
1682767963
130864
1682833500
131164
2135490589
131164
2134638621
131164
1683030076
131459
1682767963
131459
1682833500
131752
1682833500
131899
2135490589
131899
2134638621
132047
1682767963
132047
1682833500
132194
2135490589
132194
2134638621
132340
1682833500
132488
2135490589
132488
2134638621
132561
2135490589
132561
2134638621
132634
1682767963
132634
1682833500
132928
2135490589
132928
2134638621
132928
1682833500
133075
2135490589
133075
2134638621
133223
1682767963
133223
1682833500
133516
2135490589
133516
2134638621
133516
1682833500
133664
2135490589
133664
2134638621
133812
1682767963
133812
1683030076
134107
2135490589
134107
2134638621
134107
1682833500
134255
2135490589
134255
2134638621
134404
1682767963
134404
1682833500
134699
1682767963
134847
1682767963
134995
1682767963
135142
1682767963
135290
1682767963
135439
1682767963
135585
1682636859
135585
1681784891
135634
2135556125
135634
2134704157
135684
2135490589
135684
2134638621
135734
2135490589
135734
2134638621
135883
2135490589
135883
2134638621
136027
2135490589
136027
2134638621
136170
1682767963
136170
1683030076
136458
2135490589
136458
2134638621
136610
2135490589
136610
2134638621
136762
1682767963
136762
1683030076
137069
2135490589
137069
2134638621
137069
1682833500
137215
2135490589
137215
2134638621
137363
1682767963
137363
1682833500
137657
2135490589
137657
2134638621
137657
1682833500
137805
2135490589
137805
2134638621
137952
1682767963
137952
1682833500
138246
2135490589
138246
2134638621
138246
1682833500
138395
2135490589
138395
2134638621
138541
1682767963
138541
1683030076
138836
2135490589
138836
2134638621
138836
1682833500
138984
2135490589
138984
2134638621
139132
1682767963
139132
1683030076
139425
1682767963
139572
1682767963
139721
1682767963
139868
1682767963
140015
1682767963
140164
1682767963
140310
1682636859
140310
1681784891
140359
2135556125
140359
2134704157
140408
2135490589
140408
2134638621
140457
2135490589
140457
2134638621
140604
2135490589
140604
2134638621
140751
2135490589
140751
2134638621
140898
1682767963
140898
1683030076
141194
2135490589
141194
2134638621
141343
2135490589
141343
2134638621
141493
1682767963
141493
1683030076
141793
2135490589
141793
2134638621
141793
1682833500
141943
2135490589
141943
2134638621
142092
1682767963
142092
1682833500
142391
2135490589
142391
2134638621
142391
1682833500
142541
2135490589
142541
2134638621
142692
1682767963
142692
1682833500
142990
2135490589
142990
2134638621
142990
1682833500
143140
2135490589
143140
2134638621
143290
1682767963
143290
1683030076
143589
2135490589
143589
2134638621
143589
1682833500
143738
2135490589
143738
2134638621
143886
1682767963
143886
1683030076
144181
1681850426
144181
1682702394
144255
1681850426
144255
1682702394
144329
1681850426
144329
1682702394
144402
1681850426
144402
1682702394
144477
1682636859
144477
1681784891
144551
1682636859
144551
1681784891
144625
1682636859
144625
1681784891
144698
1682636859
144698
1681784891
144773
2135556125
144773
2134704157
144920
2135556125
144920
2134704157
145069
1682767963
145365
2135490589
145365
2134638621
145365
1683030076
145661
1682767963
145661
1682833500
145956
1682833500
146105
2135490589
146105
2134638621
146252
1682767963
146252
1682833500
146399
2135490589
146399
2134638621
146548
1682833500
146697
2135490589
146697
2134638621
146844
1682767963
146844
1682833500
147140
2135490589
147140
2134638621
147140
1682833500
147275
1682767963
147275
1683030076
147675
2135490589
147675
2134638621
147675
1683030076
147974
1682767963
147974
1682833500
148275
2135490589
148275
2134638621
148275
1682833500
148424
2135490589
148424
2134638621
148574
1682767963
148574
1682833500
148724
2135490589
148724
2134638621
148874
1682833500
149024
2135490589
149024
2134638621
149099
2135490589
149099
2134638621
149173
1682767963
149173
1682833500
149473
2135490589
149473
2134638621
149473
1682833500
149622
2135490589
149622
2134638621
149773
1682767963
149773
1682833500
150072
2135490589
150072
2134638621
150072
1683030076
150350
1682767963
150350
1682833500
150626
1682833500
150763
2135490589
150763
2134638621
150902
1682767963
150902
1682833500
151041
2135490589
151041
2134638621
151179
1682833500
151332
2135490589
151332
2134638621
151408
2135490589
151408
2134638621
151484
1682767963
151484
1682833500
151789
2135490589
151789
2134638621
151789
1682833500
151941
1682767963
151941
1683030076
152399
2135490589
152399
2134638621
152399
1683030076
152705
1682767963
152705
1682833500
153008
2135490589
153008
2134638621
153008
1682833500
153160
2135490589
153160
2134638621
153313
1682767963
153313
1682833500
153465
1682767963
153618
2135490589
153618
2134638621
153618
1682833500
153771
2135490589
153771
2134638621
153923
1682767963
153923
1682833500
154075
1682767963
154228
2135490589
154228
2134638621
154228
1682833500
154380
2135490589
154380
2134638621
154533
1682767963
154533
1682833500
154838
2135490589
154838
2134638621
154838
1683030076
155136
1682767963
155136
1682833500
155434
1682833500
155583
2135490589
155583
2134638621
155732
1682767963
155732
1682833500
155881
2135490589
155881
2134638621
156030
1682833500
156180
2135490589
156180
2134638621
156255
2135490589
156255
2134638621
156328
1682767963
156328
1682833500
156626
2135490589
156626
2134638621
156626
1682833500
156756
1682767963
156756
1683030076
157144
2135490589
157144
2134638621
157144
1683030076
157458
1682767963
157458
1682833500
157775
2135490589
157775
2134638621
157775
1682833500
157921
2135490589
157921
2134638621
158069
1682767963
158069
1682833500
158216
2135490589
158216
2134638621
158365
2135490589
158365
2134638621
158365
1682833500
158512
2135490589
158512
2134638621
158660
1682767963
158660
1682833500
158807
2135490589
158807
2134638621
158955
2135490589
158955
2134638621
158955
1682833500
159103
2135490589
159103
2134638621
159250
1682767963
159250
1682833500
159543
2135490589
159543
2134638621
159543
1683030076
159843
1682767963
159843
1682833500
160141
1682833500
160290
2135490589
160290
2134638621
160441
1682767963
160441
1682833500
160590
2135490589
160590
2134638621
160738
1682833500
160888
2135490589
160888
2134638621
160964
2135490589
160964
2134638621
161039
1682767963
161039
1682833500
161335
2135490589
161335
2134638621
161335
1682833500
161480
2135490589
161480
2134638621
161625
1682767963
161625
1682833500
161915
1682767963
162060
1682767963
162205
1682767963
162350
1682767963
162495
1682767963
162641
1682767963
162787
1682636859
162787
1681784891
162836
2135556125
162836
2134704157
162884
2135490589
162884
2134638621
162932
2135490589
162932
2134638621
163079
2135490589
163079
2134638621
163225
2135490589
163225
2134638621
163371
1682767963
163371
1683030076
163663
2135490589
163663
2134638621
163663
1683030076
163955
2135490589
163955
2134638621
163955
1683030076
164247
2135490589
164247
2134638621
164247
1683030076
164549
1682767963
164549
1682833500
164851
1682833500
165003
2135490589
165003
2134638621
165153
1682767963
165153
1682833500
165305
2135490589
165305
2134638621
165455
1682833500
165607
2135490589
165607
2134638621
165682
2135490589
165682
2134638621
165757
1682767963
165757
1682833500
166059
2135490589
166059
2134638621
166059
1682833500
166209
2135490589
166209
2134638621
166359
1682767963
166359
1682833500
166508
1682767963
166657
2135490589
166657
2134638621
166657
1682833500
166807
2135490589
166807
2134638621
166959
1682767963
166959
1683030076
167257
1682833500
167405
2135490589
167405
2134638621
167556
1682767963
167556
1682833500
167704
2135490589
167704
2134638621
167854
1682833500
168003
2135490589
168003
2134638621
168079
2135490589
168079
2134638621
168154
1682767963
168154
1682833500
168453
2135490589
168453
2134638621
168453
1682833500
168603
2135490589
168603
2134638621
168753
1682767963
168787
1682767963
169051
2135490589
169051
2134638621
169051
1683030076
169353
1682767963
169353
1682833500
169654
1682833500
169805
2135490589
169805
2134638621
169957
1682767963
169957
1682833500
170107
2135490589
170107
2134638621
170258
2135490589
170258
2134638621
170258
1682833500
170406
2135490589
170406
2134638621
170555
1682767963
170555
1682833500
170851
1682833500
171000
2135490589
171000
2134638621
171148
1682767963
171148
1682833500
171296
2135490589
171296
2134638621
171444
2135490589
171444
2134638621
171444
1682833500
171593
2135490589
171593
2134638621
171743
1682767963
171743
1682833500
172039
2135490589
172039
2134638621
172039
1682833500
172187
2135490589
172187
2134638621
172335
1682767963
172372
1682767963
172631
2135490589
172631
2134638621
172631
1682833500
172779
2135490589
172779
2134638621
172927
1682767963
172927
1683030076
173226
2135490589
173226
2134638621
173226
1683030076
173522
1682767963
173522
1683030076
173818
2135490589
173818
2134638621
173818
1683030076
174118
1682767963
174118
1682833500
174419
1682833500
174569
2135490589
174569
2134638621
174719
1682767963
174719
1682833500
174870
2135490589
174870
2134638621
175020
1682833500
175170
2135490589
175170
2134638621
175246
2135490589
175246
2134638621
175321
1682767963
175321
1682833500
175622
2135490589
175622
2134638621
175622
1682833500
175771
2135490589
175771
2134638621
175922
1682767963
175922
1682833500
176070
2135490589
176070
2134638621
176219
1682833500
176369
2135490589
176369
2134638621
176444
2135490589
176444
2134638621
176519
1682767963
176519
1682833500
176819
2135490589
176819
2134638621
176819
1682833500
176969
2135490589
176969
2134638621
177118
1682767963
177118
1682833500
177268
2135490589
177268
2134638621
177417
1682833500
177566
2135490589
177566
2134638621
177640
2135490589
177640
2134638621
177715
1682767963
177715
1682833500
178015
1682767963
178015
1683030076
178314
1682767963
178314
1683030076
178614
2135490589
178614
2134638621
178614
1682833500
178764
2135490589
178764
2134638621
178912
1682767963
178912
1682833500
179063
2135490589
179063
2134638621
179212
1682833500
179362
2135490589
179362
2134638621
179437
2135490589
179437
2134638621
179512
1682767963
179512
1682833500
179811
2135490589
179811
2134638621
179811
1682833500
179960
2135490589
179960
2134638621
180111
1682767963
180111
1682833500
180409
2135490589
180409
2134638621
180409
1682833500
180559
2135490589
180559
2134638621
180708
1682767963
180708
1682833500
181008
2135490589
181008
2134638621
181008
1682833500
181156
2135490589
181156
2134638621
181305
1682767963
181305
1683030076
181603
2135490589
181603
2134638621
181603
1682833500
181752
2135490589
181752
2134638621
181900
1682767963
181900
1682833500
182050
2135490589
182050
2134638621
182199
1682833500
182347
2135490589
182347
2134638621
182422
2135490589
182422
2134638621
182496
1682767963
182496
1682833500
182793
1682767963
182793
1683030076
183090
1682767963
183090
1683030076
183388
2135490589
183388
2134638621
183388
1682833500
183537
2135490589
183537
2134638621
183686
1682767963
183686
1682833500
183834
2135490589
183834
2134638621
183983
1682833500
184131
2135490589
184131
2134638621
184206
2135490589
184206
2134638621
184280
1682767963
184280
1682833500
184578
2135490589
184578
2134638621
184578
1682833500
184726
2135490589
184726
2134638621
184875
1682767963
184875
1682833500
185173
2135490589
185173
2134638621
185173
1682833500
185322
2135490589
185322
2134638621
185472
1682767963
185472
1682833500
185768
2135490589
185768
2134638621
185768
1682833500
185916
2135490589
185916
2134638621
186065
1682767963
186065
1683030076
186359
1682833500
186507
2135490589
186507
2134638621
186655
1682767963
186655
1682833500
186803
2135490589
186803
2134638621
186950
1682833500
187100
2135490589
187100
2134638621
187173
2135490589
187173
2134638621
187247
1682767963
187247
1682833500
187541
1682767963
187541
1683030076
187837
1682767963
187837
1683030076
188134
2135490589
188134
2134638621
188134
1682833500
188282
2135490589
188282
2134638621
188429
1682767963
188429
1682833500
188577
2135490589
188577
2134638621
188724
1682833500
188871
2135490589
188871
2134638621
188946
2135490589
188946
2134638621
189020
1682767963
189020
1682833500
189315
2135490589
189315
2134638621
189315
1682833500
189464
2135490589
189464
2134638621
189612
1682767963
189612
1682833500
189907
2135490589
189907
2134638621
189907
1682833500
190055
2135490589
190055
2134638621
190203
1682767963
190203
1682833500
190498
2135490589
190498
2134638621
190498
1682833500
190648
2135490589
190648
2134638621
190797
1682767963
190797
1683030076
191097
2135490589
191097
2134638621
191097
1682833500
191246
2135490589
191246
2134638621
191395
1682767963
191395
1682833500
191694
1682767963
191844
1682767963
191993
1682767963
192143
1682767963
192292
1682767963
192442
1682767963
192591
1682636859
192591
1681784891
192641
2135556125
192641
2134704157
192690
2135490589
192690
2134638621
192742
2135490589
192742
2134638621
192892
2135490589
192892
2134638621
193042
2135490589
193042
2134638621
193190
1682767963
193190
1683030076
193489
2135490589
193489
2134638621
193638
2135490589
193638
2134638621
193788
1682767963
193788
1683030076
194087
2135490589
194087
2134638621
194087
1682833500
194237
2135490589
194237
2134638621
194386
1682767963
194386
1682833500
194685
2135490589
194685
2134638621
194685
1682833500
194834
2135490589
194834
2134638621
194984
1682767963
194984
1682833500
195283
2135490589
195283
2134638621
195283
1682833500
195433
2135490589
195433
2134638621
195583
1682767963
195583
1683030076
195882
2135490589
195882
2134638621
195882
1682833500
196031
2135490589
196031
2134638621
196177
1682767963
196177
1683030076
196471
1682767963
196619
1682767963
196767
1682767963
196914
1682767963
197061
1682767963
197207
1682767963
197352
1682636859
197352
1681784891
197401
2135556125
197401
2134704157
197449
2135490589
197449
2134638621
197498
2135490589
197498
2134638621
197644
2135490589
197644
2134638621
197789
2135490589
197789
2134638621
197936
1682767963
197936
1683030076
198228
2135490589
198228
2134638621
198378
2135490589
198378
2134638621
198530
1682767963
198530
1683030076
198832
2135490589
198832
2134638621
198832
1682833500
198984
2135490589
198984
2134638621
199135
1682767963
199135
1682833500
199437
2135490589
199437
2134638621
199437
1682833500
199589
2135490589
199589
2134638621
199740
1682767963
199740
1682833500
200042
2135490589
200042
2134638621
200042
1682833500
200193
2135490589
200193
2134638621
200344
1682767963
200344
1683030076
200648
2135490589
200648
2134638621
200648
1682833500
200797
2135490589
200797
2134638621
200946
1682767963
200946
1683030076
201244
1681850426
201244
1682702394
201319
1681850426
201319
1682702394
201394
1681850426
201394
1682702394
201467
1681850426
201467
1682702394
201542
1682636859
201542
1681784891
201617
1682636859
201617
1681784891
201691
1682636859
201691
1681784891
201765
1682636859
201765
1681784891
201840
2135556125
201840
2134704157
201989
2135556125
201989
2134704157
202139
1682767963
202436
2135490589
202436
2134638621
202436
1683030076
202733
1682767963
202733
1682833500
203033
1682833500
203182
2135490589
203182
2134638621
203331
1682767963
203331
1682833500
203480
2135490589
203480
2134638621
203629
1682833500
203778
2135490589
203778
2134638621
203854
2135490589
203854
2134638621
203927
1682767963
203927
1682833500
204225
2135490589
204225
2134638621
204225
1682833500
204361
1682767963
204361
1683030076
204765
2135490589
204765
2134638621
204765
1683030076
205068
1682767963
205068
1682833500
205367
1682833500
205518
2135490589
205518
2134638621
205669
1682767963
205669
1682833500
205818
2135490589
205818
2134638621
205970
1682833500
206120
2135490589
206120
2134638621
206196
2135490589
206196
2134638621
206272
1682767963
206272
1682833500
206572
2135490589
206572
2134638621
206572
1682833500
206721
2135490589
206721
2134638621
206869
1682767963
206869
1682833500
207165
2135490589
207165
2134638621
207165
1683030076
207462
1682767963
207462
1682833500
207759
1682833500
207907
2135490589
207907
2134638621
208056
1682767963
208056
1682833500
208204
2135490589
208204
2134638621
208352
1682833500
208501
2135490589
208501
2134638621
208576
2135490589
208576
2134638621
208649
1682767963
208649
1682833500
208946
2135490589
208946
2134638621
208946
1682833500
209082
1682767963
209082
1683030076
209491
2135490589
209491
2134638621
209491
1683030076
209795
1682767963
209795
1682833500
210100
1682833500
210252
2135490589
210252
2134638621
210404
1682767963
210404
1682833500
210557
1682767963
210708
2135490589
210708
2134638621
210708
1682833500
210853
2135490589
210853
2134638621
210996
1682767963
210996
1682833500
211141
1682767963
211284
2135490589
211284
2134638621
211284
1682833500
211428
2135490589
211428
2134638621
211573
1682767963
211573
1682833500
211860
2135490589
211860
2134638621
211860
1683030076
212160
1682767963
212160
1682833500
212460
1682833500
212610
2135490589
212610
2134638621
212760
1682767963
212760
1682833500
212909
2135490589
212909
2134638621
213059
1682833500
213210
2135490589
213210
2134638621
213285
2135490589
213285
2134638621
213359
1682767963
213359
1682833500
213659
2135490589
213659
2134638621
213659
1682833500
213790
1682767963
213790
1683030076
214179
2135490589
214179
2134638621
214179
1683030076
214473
1682767963
214473
1682833500
214768
1682833500
214915
2135490589
214915
2134638621
215062
1682767963
215062
1682833500
215210
2135490589
215210
2134638621
215358
2135490589
215358
2134638621
215358
1682833500
215508
2135490589
215508
2134638621
215658
1682767963
215658
1682833500
215807
2135490589
215807
2134638621
215957
2135490589
215957
2134638621
215957
1682833500
216106
2135490589
216106
2134638621
216257
1682767963
216257
1682833500
216558
2135490589
216558
2134638621
216558
1683030076
216857
1682767963
216857
1682833500
217157
1682833500
217307
2135490589
217307
2134638621
217459
1682767963
217459
1682833500
217608
2135490589
217608
2134638621
217757
1682833500
217904
2135490589
217904
2134638621
217978
2135490589
217978
2134638621
218052
1682767963
218052
1682833500
218346
2135490589
218346
2134638621
218346
1682833500
218493
2135490589
218493
2134638621
218640
1682767963
218640
1682833500
218934
1682767963
219082
1682767963
219228
1682767963
219375
1682767963
219523
1682767963
219670
1682767963
219817
1682636859
219817
1681784891
219866
2135556125
219866
2134704157
219915
2135490589
219915
2134638621
219964
2135490589
219964
2134638621
220111
2135490589
220111
2134638621
220259
2135490589
220259
2134638621
220405
1682767963
220405
1683030076
220699
2135490589
220699
2134638621
220699
1683030076
220993
2135490589
220993
2134638621
220993
1683030076
221288
2135490589
221288
2134638621
221288
1683030076
222508
2135490589
222508
2134638621
222508
1682833500
222508
1683030076
223129
1682767963
223129
2135556125
223129
2134704157
223290
2135556125
223290
2134704157
223450
2135556125
223450
2134704157
223611
2135556125
223611
2134704157
223771
2135556125
223771
2134704157
223932
2135556125
223932
2134704157
224092
2135556125
224092
2134704157
224254
2135556125
224254
2134704157
224412
1682636859
224412
1681784891
224412
2135556125
224412
2134704157
224573
2135556125
224573
2134704157
224734
2135556125
224734
2134704157
224894
2135556125
224894
2134704157
225055
2135556125
225055
2134704157
225215
2135556125
225215
2134704157
225375
2135556125
225375
2134704157
225534
2135556125
225534
2134704157
225695
1682767963
225695
2135556125
225695
2134704157
225851
2135556125
225851
2134704157
226007
2135556125
226007
2134704157
226164
2135556125
226164
2134704157
226320
2135556125
226320
2134704157
226475
2135556125
226475
2134704157
226632
2135556125
226632
2134704157
226787
2135556125
226787
2134704157
226944
1681850426
226944
1682702394
226944
2135556125
226944
2134704157
227100
2135556125
227100
2134704157
227256
1682636859
227256
1681784891
227256
2135556125
227256
2134704157
227412
2135556125
227412
2134704157
227569
2135556125
227569
2134704157
227725
2135556125
227725
2134704157
227880
2135556125
227880
2134704157
228036
2135556125
228036
2134704157
228193
1682767963
228193
1683030076
228350
2135556125
228350
2134704157
228507
2135556125
228507
2134704157
228664
2135556125
228664
2134704157
228821
2135556125
228821
2134704157
228978
2135556125
228978
2134704157
229136
2135556125
229136
2134704157
229293
2135556125
229293
2134704157
229451
1682636859
229451
1681784891
229451
2135556125
229451
2134704157
229608
2135556125
229608
2134704157
229766
2135556125
229766
2134704157
229923
2135556125
229923
2134704157
230080
2135556125
230080
2134704157
230237
2135556125
230237
2134704157
230394
2135556125
230394
2134704157
230553
2135556125
230553
2134704157
230710
1682767963
230710
2135556125
230710
2134704157
230869
2135556125
230869
2134704157
231026
2135556125
231026
2134704157
231185
2135556125
231185
2134704157
231344
2135556125
231344
2134704157
231502
2135556125
231502
2134704157
231661
2135556125
231661
2134704157
231819
2135556125
231819
2134704157
231977
1681850426
231977
1682702394
231977
2135556125
231977
2134704157
232136
2135556125
232136
2134704157
232295
1682636859
232295
1681784891
232295
2135556125
232295
2134704157
232453
2135556125
232453
2134704157
232611
2135556125
232611
2134704157
232770
2135556125
232770
2134704157
232928
2135556125
232928
2134704157
233087
2135556125
233087
2134704157
233245
1682767963
233245
1683030076
233404
2135556125
233404
2134704157
233563
2135556125
233563
2134704157
233721
2135556125
233721
2134704157
233879
2135556125
233879
2134704157
234038
2135556125
234038
2134704157
234197
2135556125
234197
2134704157
234354
2135556125
234354
2134704157
234513
1682636859
234513
1681784891
234513
2135556125
234513
2134704157
234672
2135556125
234672
2134704157
234830
2135556125
234830
2134704157
234987
2135556125
234987
2134704157
235147
2135556125
235147
2134704157
235305
2135556125
235305
2134704157
235464
2135556125
235464
2134704157
235622
2135556125
235622
2134704157
235781
1682767963
235781
2135556125
235781
2134704157
235939
2135556125
235939
2134704157
236096
2135556125
236096
2134704157
236254
2135556125
236254
2134704157
236412
2135556125
236412
2134704157
236569
2135556125
236569
2134704157
236728
2135556125
236728
2134704157
236886
2135556125
236886
2134704157
237043
1681850426
237043
1682702394
237043
2135556125
237043
2134704157
237201
2135556125
237201
2134704157
237360
1682636859
237360
1681784891
237360
2135556125
237360
2134704157
237517
2135556125
237517
2134704157
237674
2135556125
237674
2134704157
237832
2135556125
237832
2134704157
237989
2135556125
237989
2134704157
238146
2135556125
238146
2134704157
238305
1682767963
238305
1683030076
238462
2135556125
238462
2134704157
238620
2135556125
238620
2134704157
238778
2135556125
238778
2134704157
238936
2135556125
238936
2134704157
239093
2135556125
239093
2134704157
239251
2135556125
239251
2134704157
239409
2135556125
239409
2134704157
239567
1682636859
239567
1681784891
239567
2135556125
239567
2134704157
239724
2135556125
239724
2134704157
239882
2135556125
239882
2134704157
240040
2135556125
240040
2134704157
240197
2135556125
240197
2134704157
240355
2135556125
240355
2134704157
240513
2135556125
240513
2134704157
240670
2135556125
240670
2134704157
240828
1682767963
240828
2135556125
240828
2134704157
240985
2135556125
240985
2134704157
241140
2135556125
241140
2134704157
241297
2135556125
241297
2134704157
241453
2135556125
241453
2134704157
241610
2135556125
241610
2134704157
241765
2135556125
241765
2134704157
241923
2135556125
241923
2134704157
242079
1681850426
242079
1682702394
242079
2135556125
242079
2134704157
242235
2135556125
242235
2134704157
242391
1682636859
242391
1681784891
242391
2135556125
242391
2134704157
242548
2135556125
242548
2134704157
242704
2135556125
242704
2134704157
242862
2135556125
242862
2134704157
243018
2135556125
243018
2134704157
243176
2135556125
243176
2134704157
243333
1682767963
243333
1683030076
243490
2135556125
243490
2134704157
243647
2135556125
243647
2134704157
243805
2135556125
243805
2134704157
243962
2135556125
243962
2134704157
244119
2135556125
244119
2134704157
244276
2135556125
244276
2134704157
244433
2135556125
244433
2134704157
244591
1682636859
244591
1681784891
244591
2135556125
244591
2134704157
244748
2135556125
244748
2134704157
244905
2135556125
244905
2134704157
245063
2135556125
245063
2134704157
245221
2135556125
245221
2134704157
245377
2135556125
245377
2134704157
245534
2135556125
245534
2134704157
245692
2135556125
245692
2134704157
245849
1682767963
245849
2135556125
245849
2134704157
246007
2135556125
246007
2134704157
246166
2135556125
246166
2134704157
246323
2135556125
246323
2134704157
246480
2135556125
246480
2134704157
246638
2135556125
246638
2134704157
246797
2135556125
246797
2134704157
246954
2135556125
246954
2134704157
247112
1681850426
247112
1682702394
247112
2135556125
247112
2134704157
247270
2135556125
247270
2134704157
247427
1682636859
247427
1681784891
247427
2135556125
247427
2134704157
247585
2135556125
247585
2134704157
247743
2135556125
247743
2134704157
247901
2135556125
247901
2134704157
248059
2135556125
248059
2134704157
248218
2135556125
248218
2134704157
248375
1682767963
248375
1683030076
248533
2135556125
248533
2134704157
248690
2135556125
248690
2134704157
248846
2135556125
248846
2134704157
249003
2135556125
249003
2134704157
249160
2135556125
249160
2134704157
249317
2135556125
249317
2134704157
249474
2135556125
249474
2134704157
249631
1682636859
249631
1681784891
249631
2135556125
249631
2134704157
249788
2135556125
249788
2134704157
249945
2135556125
249945
2134704157
250102
2135556125
250102
2134704157
250259
2135556125
250259
2134704157
250416
2135556125
250416
2134704157
250573
2135556125
250573
2134704157
250730
2135556125
250730
2134704157
250887
1682767963
250887
2135556125
250887
2134704157
251044
2135556125
251044
2134704157
251201
2135556125
251201
2134704157
251358
2135556125
251358
2134704157
251515
2135556125
251515
2134704157
251673
2135556125
251673
2134704157
251830
2135556125
251830
2134704157
251986
2135556125
251986
2134704157
252143
1681850426
252143
1682702394
252143
2135556125
252143
2134704157
252300
2135556125
252300
2134704157
252457
1682636859
252457
1681784891
252457
2135556125
252457
2134704157
252614
2135556125
252614
2134704157
252772
2135556125
252772
2134704157
252928
2135556125
252928
2134704157
253085
2135556125
253085
2134704157
253243
2135556125
253243
2134704157
253398
1682767963
253398
1683030076
253559
2135556125
253559
2134704157
253720
2135556125
253720
2134704157
253880
2135556125
253880
2134704157
254041
2135556125
254041
2134704157
254201
2135556125
254201
2134704157
254363
2135556125
254363
2134704157
254523
2135556125
254523
2134704157
254685
1682636859
254685
1681784891
254685
2135556125
254685
2134704157
254845
2135556125
254845
2134704157
255005
2135556125
255005
2134704157
255166
2135556125
255166
2134704157
255326
2135556125
255326
2134704157
255487
2135556125
255487
2134704157
255647
2135556125
255647
2134704157
255809
2135556125
255809
2134704157
255970
1682767963
255970
2135556125
255970
2134704157
256125
2135556125
256125
2134704157
256281
2135556125
256281
2134704157
256436
2135556125
256436
2134704157
256593
2135556125
256593
2134704157
256749
2135556125
256749
2134704157
256904
2135556125
256904
2134704157
257061
2135556125
257061
2134704157
257216
1681850426
257216
1682702394
257216
2135556125
257216
2134704157
257372
2135556125
257372
2134704157
257529
1682636859
257529
1681784891
257529
2135556125
257529
2134704157
257684
2135556125
257684
2134704157
257840
2135556125
257840
2134704157
257994
2135556125
257994
2134704157
258149
2135556125
258149
2134704157
258304
2135556125
258304
2134704157
258459
1682767963
258459
1683030076
258614
2135556125
258614
2134704157
258769
2135556125
258769
2134704157
258923
2135556125
258923
2134704157
259078
2135556125
259078
2134704157
259233
2135556125
259233
2134704157
259388
2135556125
259388
2134704157
259543
2135556125
259543
2134704157
259698
1682636859
259698
1681784891
259698
2135556125
259698
2134704157
259853
2135556125
259853
2134704157
260007
2135556125
260007
2134704157
260162
2135556125
260162
2134704157
260317
2135556125
260317
2134704157
260471
2135556125
260471
2134704157
260627
2135556125
260627
2134704157
260782
2135556125
260782
2134704157
260936
1682767963
260936
2135556125
260936
2134704157
261091
2135556125
261091
2134704157
261246
2135556125
261246
2134704157
261400
2135556125
261400
2134704157
261556
2135556125
261556
2134704157
261713
2135556125
261713
2134704157
261870
2135556125
261870
2134704157
262027
2135556125
262027
2134704157
262186
1682767963
262186
1683030076
262500
1682767963
262500
1683030076
262815
2135490589
262815
2134638621
262815
1683030076
263132
1682767963
263132
1682833500
263445
1682833500
263592
2135490589
263592
2134638621
263737
1682767963
263737
1682833500
263883
2135490589
263883
2134638621
264029
1682833500
264175
2135490589
264175
2134638621
264320
1682767963
264320
1682833500
264612
2135490589
264612
2134638621
264612
1682833500
264764
2135490589
264764
2134638621
264916
1682767963
264916
1683030076
265222
2135490589
265222
2134638621
265222
1683030076
265521
1682767963
265521
1682833500
265818
1682833500
265967
2135490589
265967
2134638621
266117
1682767963
266117
1682833500
266265
2135490589
266265
2134638621
266414
1682833500
266563
2135490589
266563
2134638621
266639
2135490589
266639
2134638621
266712
1682767963
266712
1682833500
267011
2135490589
267011
2134638621
267011
1682833500
267160
2135490589
267160
2134638621
267309
1682767963
267309
1682833500
267608
2135490589
267608
2134638621
267608
1683030076
268721
2135490589
268721
2134638621
268721
1683030076
268917
2135490589
268917
2134638621
268917
1683030076
269140
2135490589
269140
2134638621
269140
1683030076
269349
2135490589
269349
2134638621
269349
1683030076
269664
1682767963
269705
1682767963
269978
2135490589
269978
2134638621
269978
1683030076
270280
1682767963
270280
1682833500
270580
1682833500
270732
2135490589
270732
2134638621
270882
1682767963
270882
1682833500
271032
2135490589
271032
2134638621
271183
1682833500
271333
2135490589
271333
2134638621
271410
2135490589
271410
2134638621
271485
1682767963
271485
1682833500
271785
2135490589
271785
2134638621
271785
1682833500
271937
2135490589
271937
2134638621
272088
1682767963
272088
1682833500
272388
2135490589
272388
2134638621
272388
1683030076
272685
1682767963
272685
1682833500
272982
1682833500
273130
2135490589
273130
2134638621
273278
1682767963
273278
1682833500
273427
2135490589
273427
2134638621
273576
1682833500
273725
2135490589
273725
2134638621
273798
2135490589
273798
2134638621
273872
1682767963
273872
1682833500
274169
2135490589
274169
2134638621
274169
1682833500
274319
2135490589
274319
2134638621
274467
1682767963
274467
1682833500
274616
1682767963
274763
2135490589
274763
2134638621
274763
1682833500
274912
2135490589
274912
2134638621
275060
1682767963
275060
1683030076
275357
1682833500
275506
2135490589
275506
2134638621
275656
1682767963
275656
1682833500
275803
2135490589
275803
2134638621
275952
1682833500
276101
2135490589
276101
2134638621
276174
2135490589
276174
2134638621
276249
1682767963
276249
1682833500
276545
2135490589
276545
2134638621
276545
1682833500
276694
2135490589
276694
2134638621
276842
1682767963
276842
1682833500
277139
2135490589
277139
2134638621
277139
1683030076
277439
1682767963
277439
1682833500
277738
1682833500
277886
2135490589
277886
2134638621
278036
1682767963
278036
1682833500
278336
1682767963
278486
1682767963
278561
1682767963
278635
1682767963
278786
1682767963
278936
1682767963
279085
1682767963
279235
1682767963
279535
2135490589
279535
2134638621
279535
1683030076
279838
1682767963
279838
1682833500
280142
1682833500
280295
2135490589
280295
2134638621
280446
1682767963
280446
1682833500
280598
2135490589
280598
2134638621
280749
1682833500
280902
2135490589
280902
2134638621
280977
2135490589
280977
2134638621
281054
1682767963
281054
1682833500
281357
2135490589
281357
2134638621
281357
1682833500
281509
2135490589
281509
2134638621
281662
1682767963
281662
1682833500
281966
2135490589
281966
2134638621
281966
1683030076
282267
1682767963
282267
1682833500
282569
1682833500
282719
2135490589
282719
2134638621
282870
1682767963
282870
1682833500
283020
2135490589
283020
2134638621
283171
1682833500
283322
2135490589
283322
2134638621
283398
2135490589
283398
2134638621
283473
1682767963
283473
1682833500
283775
2135490589
283775
2134638621
283775
1682833500
283925
2135490589
283925
2134638621
284075
1682767963
284075
1682833500
284226
1682767963
284378
2135490589
284378
2134638621
284378
1682833500
284528
2135490589
284528
2134638621
284680
1682767963
284680
1683030076
284981
1682833500
285132
2135490589
285132
2134638621
285283
1682767963
285283
1682833500
285434
2135490589
285434
2134638621
285585
1682833500
285735
2135490589
285735
2134638621
285810
2135490589
285810
2134638621
285887
1682767963
285887
1682833500
286187
2135490589
286187
2134638621
286187
1682833500
286338
2135490589
286338
2134638621
286490
1682767963
286490
1682833500
286790
2135490589
286790
2134638621
286790
1682833500
286944
2135490589
286944
2134638621
287097
1682767963
287097
1683030076
287400
2135490589
287400
2134638621
287400
1682833500
287552
2135490589
287552
2134638621
287705
1682767963
287705
1682833500
288009
1682767963
288161
1682767963
288313
1682767963
288465
1682767963
288618
1682767963
288770
1682767963
288922
1682636859
288922
1681784891
288973
2135556125
288973
2134704157
289024
2135490589
289024
2134638621
289075
2135490589
289075
2134638621
289227
2135490589
289227
2134638621
289365
2135490589
289365
2134638621
289503
1682767963
289503
1683030076
289780
2135490589
289780
2134638621
289937
2135490589
289937
2134638621
290094
1682767963
290094
1683030076
290409
2135490589
290409
2134638621
290409
1682833500
290557
2135490589
290557
2134638621
290706
1682767963
290706
1682833500
291003
2135490589
291003
2134638621
291003
1682833500
291152
2135490589
291152
2134638621
291300
1682767963
291300
1682833500
291598
2135490589
291598
2134638621
291598
1682833500
291749
2135490589
291749
2134638621
291901
1682767963
291901
1683030076
292204
2135490589
292204
2134638621
292204
1682833500
292362
2135490589
292362
2134638621
292520
1682767963
292520
1683030076
292835
1682767963
292981
1682767963
293127
1682767963
293273
1682767963
293418
1682767963
293564
1682767963
293710
1682636859
293710
1681784891
293759
2135556125
293759
2134704157
293808
2135490589
293808
2134638621
293856
2135490589
293856
2134638621
294002
2135490589
294002
2134638621
294148
2135490589
294148
2134638621
294293
1682767963
294293
1683030076
294586
2135490589
294586
2134638621
294738
2135490589
294738
2134638621
294889
1682767963
294889
1683030076
295194
2135490589
295194
2134638621
295194
1682833500
295345
2135490589
295345
2134638621
295498
1682767963
295498
1682833500
295802
2135490589
295802
2134638621
295802
1682833500
295954
2135490589
295954
2134638621
296106
1682767963
296106
1682833500
296410
2135490589
296410
2134638621
296410
1682833500
296562
2135490589
296562
2134638621
296714
1682767963
296714
1683030076
297018
2135490589
297018
2134638621
297018
1682833500
297168
2135490589
297168
2134638621
297318
1682767963
297318
1683030076
297617
1681850426
297617
1682702394
297691
1681850426
297691
1682702394
297766
1681850426
297766
1682702394
297841
1681850426
297841
1682702394
297916
1682636859
297916
1681784891
297991
1682636859
297991
1681784891
298065
1682636859
298065
1681784891
298140
1682636859
298140
1681784891
298215
2135556125
298215
2134704157
298364
2135556125
298364
2134704157
298514
1682767963
298814
2135490589
298814
2134638621
298814
1683030076
299121
1682767963
299121
1682833500
299427
1682833500
299580
2135490589
299580
2134638621
299734
1682767963
299734
1682833500
299887
2135490589
299887
2134638621
300040
1682833500
300194
2135490589
300194
2134638621
300270
2135490589
300270
2134638621
300347
1682767963
300347
1682833500
300653
2135490589
300653
2134638621
300653
1682833500
300794
1682767963
300794
1683030076
301218
2135490589
301218
2134638621
301218
1683030076
301522
1682767963
301522
1682833500
301826
1682833500
301979
2135490589
301979
2134638621
302131
1682767963
302131
1682833500
302283
2135490589
302283
2134638621
302435
1682833500
302587
2135490589
302587
2134638621
302663
2135490589
302663
2134638621
302740
1682767963
302740
1682833500
303043
2135490589
303043
2134638621
303043
1682833500
303196
2135490589
303196
2134638621
303348
1682767963
303348
1682833500
303652
2135490589
303652
2134638621
303652
1683030076
303968
1682767963
303968
1682833500
304283
1682833500
304430
2135490589
304430
2134638621
304571
1682767963
304571
1682833500
304716
2135490589
304716
2134638621
304851
1682833500
305004
2135490589
305004
2134638621
305080
2135490589
305080
2134638621
305156
1682767963
305156
1682833500
305462
2135490589
305462
2134638621
305462
1682833500
305593
1682767963
305593
1683030076
305993
2135490589
305993
2134638621
305993
1683030076
306295
1682767963
306295
1682833500
306599
2135490589
306599
2134638621
306599
1682833500
306765
2135490589
306765
2134638621
306926
1682767963
306926
1682833500
307092
1682767963
307255
2135490589
307255
2134638621
307255
1682833500
307404
2135490589
307404
2134638621
307553
1682767963
307553
1682833500
307703
1682767963
307853
2135490589
307853
2134638621
307853
1682833500
308000
2135490589
308000
2134638621
308149
1682767963
308149
1682833500
308448
2135490589
308448
2134638621
308448
1683030076
308747
1682767963
308747
1682833500
309046
1682833500
309197
2135490589
309197
2134638621
309346
1682767963
309346
1682833500
309496
2135490589
309496
2134638621
309645
1682833500
309794
2135490589
309794
2134638621
309870
2135490589
309870
2134638621
309945
1682767963
309945
1682833500
310244
2135490589
310244
2134638621
310244
1682833500
310382
1682767963
310382
1683030076
310798
2135490589
310798
2134638621
310798
1683030076
311101
1682767963
311101
1682833500
311404
1682833500
311556
2135490589
311556
2134638621
311707
1682767963
311707
1682833500
311859
2135490589
311859
2134638621
312011
1682833500
312163
2135490589
312163
2134638621
312239
2135490589
312239
2134638621
312314
1682767963
312314
1682833500
312616
2135490589
312616
2134638621
312616
1682833500
312770
2135490589
312770
2134638621
312923
1682767963
312923
1682833500
313227
2135490589
313227
2134638621
313227
1683030076
313533
1682767963
313533
1682833500
313838
1682833500
313991
2135490589
313991
2134638621
314143
1682767963
314143
1682833500
314296
2135490589
314296
2134638621
314449
1682833500
314601
2135490589
314601
2134638621
314677
2135490589
314677
2134638621
314754
1682767963
314754
1682833500
315059
2135490589
315059
2134638621
315059
1682833500
315209
2135490589
315209
2134638621
315360
1682767963
315360
1682833500
315663
1682767963
315812
1682767963
315963
1682767963
316113
1682767963
316265
1682767963
316415
1682767963
316565
1682636859
316565
1681784891
316615
2135556125
316615
2134704157
316665
2135490589
316665
2134638621
316715
2135490589
316715
2134638621
316867
2135490589
316867
2134638621
317013
2135490589
317013
2134638621
317160
1682767963
317160
1683030076
317454
2135490589
317454
2134638621
317454
1683030076
317748
2135490589
317748
2134638621
317748
1682833500
317748
1683030076
318044
2135490589
318044
2134638621
318044
1682833500
318044
1683030076
318342
1682767963
318342
1682833500
318642
1682833500
318790
2135490589
318790
2134638621
318939
1682767963
318939
1682833500
319089
1682767963
319089
1683030076
319538
1682767963
319538
1682833500
319837
1682833500
319990
2135490589
319990
2134638621
320143
1682767963
320143
1682833500
320448
1682833500
320600
2135490589
320600
2134638621
320753
1682767963
320753
1682833500
321058
1682833500
321210
2135490589
321210
2134638621
321363
1682767963
321363
1682833500
321515
1682767963
321515
1683030076
321972
1682767963
321972
1682833500
322276
1682833500
322429
2135490589
322429
2134638621
322582
1682767963
322582
1682833500
322886
1682833500
323038
2135490589
323038
2134638621
323191
1682767963
323191
1682833500
323497
1682833500
323650
2135490589
323650
2134638621
323801
1682767963
323801
1682833500
323955
1682767963
323955
1683030076
324411
1682767963
324411
1682833500
324716
1682833500
324869
2135490589
324869
2134638621
325022
1682767963
325022
1682833500
325326
1682833500
325474
2135490589
325474
2134638621
325623
1682767963
325623
1682833500
325918
1682833500
326065
2135490589
326065
2134638621
326213
1682767963
326213
1682833500
326361
1682767963
326361
1683030076
326805
1682767963
326805
1682833500
327101
1682833500
327251
2135490589
327251
2134638621
327402
1682767963
327402
1683030076
327706
2135490589
327706
2134638621
327706
1683030076
328008
1682767963
328008
1682833500
328310
1682833500
328462
2135490589
328462
2134638621
328613
1682767963
328613
1682833500
328764
2135490589
328764
2134638621
328914
1682833500
329065
2135490589
329065
2134638621
329140
2135490589
329140
2134638621
329216
1682767963
329216
1682833500
329518
2135490589
329518
2134638621
329518
1682833500
329669
2135490589
329669
2134638621
329820
1682767963
329820
1682833500
330121
2135490589
330121
2134638621
330121
1683030076
330424
1682767963
330424
1682833500
330725
1682833500
330876
2135490589
330876
2134638621
331026
1682767963
331026
1682833500
331177
2135490589
331177
2134638621
331329
2135490589
331329
2134638621
331329
1682833500
331478
2135490589
331478
2134638621
331629
1682767963
331629
1682833500
331780
2135490589
331780
2134638621
331932
2135490589
331932
2134638621
331932
1682833500
332083
2135490589
332083
2134638621
332233
1682767963
332233
1682833500
332534
2135490589
332534
2134638621
332534
1683030076
332836
1682767963
332836
1682833500
333138
1682833500
333289
2135490589
333289
2134638621
333440
1682767963
333440
1682833500
333590
2135490589
333590
2134638621
333741
2135490589
333741
2134638621
333741
1682833500
333892
2135490589
333892
2134638621
334043
1682767963
334043
1682833500
334194
2135490589
334194
2134638621
334345
2135490589
334345
2134638621
334345
1682833500
334495
2135490589
334495
2134638621
334647
1682767963
334647
1682833500
334947
2135490589
334947
2134638621
334947
1683030076
335250
1682767963
335250
1682833500
335550
1682833500
335701
2135490589
335701
2134638621
335852
1682767963
335852
1682833500
336154
2135490589
336154
2134638621
336154
1682833500
336304
2135490589
336304
2134638621
336455
1682767963
336455
1682833500
336757
1682767963
336907
1682767963
336982
1682767963
337058
1682767963
337360
2135490589
337360
2134638621
337360
1683030076
337661
1682767963
337661
1682833500
337964
1682833500
338114
2135490589
338114
2134638621
338264
1682767963
338264
1682833500
338416
2135490589
338416
2134638621
338567
1682833500
338717
2135490589
338717
2134638621
338869
1682767963
338869
1682833500
339171
2135490589
339171
2134638621
339171
1682833500
339321
2135490589
339321
2134638621
339471
1682767963
339471
1682833500
339773
2135490589
339773
2134638621
339773
1683030076
340072
1682767963
340072
1682833500
340373
1682833500
340521
2135490589
340521
2134638621
340672
1682767963
340672
1682833500
340821
2135490589
340821
2134638621
340970
1682833500
341120
2135490589
341120
2134638621
341271
1682767963
341271
1682833500
341569
2135490589
341569
2134638621
341569
1682833500
341719
2135490589
341719
2134638621
341870
1682767963
341870
1683030076
342168
2135490589
342168
2134638621
342168
1683030076
342466
1682767963
342466
1682833500
342765
1682833500
342914
2135490589
342914
2134638621
343065
1682767963
343065
1682833500
343213
2135490589
343213
2134638621
343362
2135490589
343362
2134638621
343362
1682833500
343511
2135490589
343511
2134638621
343662
1682767963
343662
1682833500
343812
2135490589
343812
2134638621
343961
2135490589
343961
2134638621
343961
1682833500
344110
2135490589
344110
2134638621
344260
1682767963
344260
1682833500
344561
2135490589
344561
2134638621
344561
1683030076
344861
1682767963
344861
1682833500
345162
1682833500
345311
2135490589
345311
2134638621
345463
1682767963
345463
1682833500
345613
2135490589
345613
2134638621
345764
1682833500
345913
2135490589
345913
2134638621
346064
1682767963
346064
1682833500
346365
2135490589
346365
2134638621
346365
1682833500
346513
2135490589
346513
2134638621
346662
1682767963
346662
1682833500
346960
2135490589
346960
2134638621
346960
1682833500
347275
2135490589
347275
2134638621
347275
1682833500
347275
1683030076
347591
2135490589
347591
2134638621
347591
1682833500
347591
1683030076
347892
2135490589
347892
2134638621
347892
1682833500
347892
1683030076
348042
2135490589
348042
2134638621
348042
1682833500
348042
1683030076
349695
2135490589
349695
2134638621
349695
1682833500
349695
1683030076
349996
2135490589
349996
2134638621
349996
1682833500
349996
1683030076
350300
2135490589
350300
2134638621
350300
1682833500
350300
1683030076
350452
2135490589
350452
2134638621
350452
1682833500
350452
1683030076
352123
2135490589
352123
2134638621
352123
1682833500
352123
1683030076
352427
2135490589
352427
2134638621
352427
1682833500
352427
1683030076
352771
2135490589
352771
2134638621
352771
1682833500
352771
1683030076
352943
2135490589
352943
2134638621
352943
1682833500
352943
1683030076
354627
2135490589
354627
2134638621
354627
1682833500
354627
1683030076
354930
2135490589
354930
2134638621
354930
1682833500
354930
1683030076
355258
2135490589
355258
2134638621
355258
1682833500
355258
1683030076
355423
2135490589
355423
2134638621
355423
1682833500
355423
1683030076
357079
2135490589
357079
2134638621
357079
1682833500
357079
1683030076
357395
2135490589
357395
2134638621
357395
1682833500
357395
1683030076
357743
2135490589
357743
2134638621
357743
1682833500
357743
1683030076
357917
2135490589
357917
2134638621
357917
1682833500
357917
1683030076
359581
2135490589
359581
2134638621
359581
1682833500
359581
1683030076
359908
2135490589
359908
2134638621
359908
1682833500
359908
1683030076
360245
2135490589
360245
2134638621
360245
1682833500
360245
1683030076
360414
2135490589
360414
2134638621
360414
1682833500
360414
1683030076
362104
2135490589
362104
2134638621
362104
1682833500
362104
1683030076
362409
2135490589
362409
2134638621
362409
1682833500
362409
1683030076
362741
2135490589
362741
2134638621
362741
1682833500
362741
1683030076
362906
2135490589
362906
2134638621
362906
1682833500
362906
1683030076
364596
2135490589
364596
2134638621
364596
1682833500
364596
1683030076
364908
2135490589
364908
2134638621
364908
1682833500
364908
1683030076
365229
2135490589
365229
2134638621
365229
1682833500
365229
1683030076
365389
2135490589
365389
2134638621
365389
1682833500
365389
1683030076
366701
2135556125
366701
2134704157
366845
2135556125
366845
2134704157
366991
2135556125
366991
2134704157
367134
2135556125
367134
2134704157
367279
2135556125
367279
2134704157
367565
2135490589
367565
2134638621
367565
1683030076
369095
2135556125
369095
2134704157
369229
2135556125
369229
2134704157
369364
2135556125
369364
2134704157
369499
2135556125
369499
2134704157
369636
2135556125
369636
2134704157
369895
2135490589
369895
2134638621
369895
1683030076
370026
2135490589
370026
2134638621
370026
1683030076
371365
2135556125
371365
2134704157
371509
2135556125
371509
2134704157
371652
2135556125
371652
2134704157
371795
2135556125
371795
2134704157
371939
2135556125
371939
2134704157
372203
2135490589
372203
2134638621
372203
1683030076
373701
2135556125
373701
2134704157
373836
2135556125
373836
2134704157
373969
2135556125
373969
2134704157
374102
2135556125
374102
2134704157
374235
2135556125
374235
2134704157
374522
2135490589
374522
2134638621
374522
1683030076
374665
2135490589
374665
2134638621
374665
1683030076
375958
2135556125
375958
2134704157
376095
2135556125
376095
2134704157
376233
2135556125
376233
2134704157
376370
2135556125
376370
2134704157
376508
2135556125
376508
2134704157
376782
2135490589
376782
2134638621
376782
1683030076
377493
2135490589
377493
2134638621
377493
1683030076
378115
2135556125
378115
2134704157
378260
2135556125
378260
2134704157
378404
2135556125
378404
2134704157
378549
2135556125
378549
2134704157
378693
2135556125
378693
2134704157
378992
2135490589
378992
2134638621
378992
1683030076
379141
2135490589
379141
2134638621
379141
1683030076
379887
2135490589
379887
2134638621
379887
1683030076
380500
2135556125
380500
2134704157
380646
2135556125
380646
2134704157
380792
2135556125
380792
2134704157
380938
2135556125
380938
2134704157
381084
2135556125
381084
2134704157
381354
2135490589
381354
2134638621
381354
1683030076
382162
2135490589
382162
2134638621
382162
1683030076
382798
2135556125
382798
2134704157
382938
2135556125
382938
2134704157
383077
2135556125
383077
2134704157
383217
2135556125
383217
2134704157
383357
2135556125
383357
2134704157
383659
2135490589
383659
2134638621
383659
1683030076
383809
2135490589
383809
2134638621
383809
1683030076
384564
2135490589
384564
2134638621
384564
1682833500
384564
1683030076
385571
2135490589
385571
2134638621
385571
1682833500
386051
2135490589
386051
2134638621
386051
1683030076
386594
2135490589
386594
2134638621
386594
1682833500
387185
2135490589
387185
2134638621
387185
1682833500
387185
1683030076
387549
2135490589
387549
2134638621
387549
1683030076
387639
2135490589
387639
2134638621
387639
1682833500
387730
2135490589
387730
2134638621
387730
1683030076
387821
2135490589
387821
2134638621
387821
1682833500
387912
2135490589
387912
2134638621
387912
1683030076
387998
2135490589
387998
2134638621
387998
1682833500
388084
2135490589
388084
2134638621
388084
1683030076
388171
2135490589
388171
2134638621
388171
1682833500
388257
2135490589
388257
2134638621
388257
1683030076
388343
2135490589
388343
2134638621
388343
1682833500
388429
2135490589
388429
2134638621
388429
1683030076
388516
2135490589
388516
2134638621
388516
1682833500
388602
2135490589
388602
2134638621
388602
1683030076
388685
2135490589
388685
2134638621
388685
1682833500
388768
2135490589
388768
2134638621
388768
1683030076
388852
2135490589
388852
2134638621
388852
1682833500
388935
2135490589
388935
2134638621
388935
1683030076
389018
2135490589
389018
2134638621
389018
1682833500
389101
2135490589
389101
2134638621
389101
1683030076
389185
2135490589
389185
2134638621
389185
1682833500
389268
2135490589
389268
2134638621
389268
1683030076
389349
2135490589
389349
2134638621
389349
1682833500
389430
2135490589
389430
2134638621
389430
1683030076
389512
2135490589
389512
2134638621
389512
1682833500
389592
2135490589
389592
2134638621
389592
1683030076
389673
2135490589
389673
2134638621
389673
1682833500
389754
2135490589
389754
2134638621
389754
1683030076
389836
2135490589
389836
2134638621
389836
1682833500
389916
2135490589
389916
2134638621
389916
1683030076
390007
2135490589
390007
2134638621
390007
1682833500
390097
2135490589
390097
2134638621
390097
1683030076
390190
2135490589
390190
2134638621
390190
1682833500
390279
2135490589
390279
2134638621
390279
1683030076
390368
2135490589
390368
2134638621
390368
1682833500
390460
2135490589
390460
2134638621
390460
1683030076
390551
2135490589
390551
2134638621
390551
1682833500
390642
2135490589
390642
2134638621
390642
1683030076
390720
2135490589
390720
2134638621
390720
1682833500
390801
2135490589
390801
2134638621
390801
1683030076
390883
2135490589
390883
2134638621
390883
1682833500
390963
2135490589
390963
2134638621
390963
1683030076
391044
2135490589
391044
2134638621
391044
1682833500
391124
2135490589
391124
2134638621
391124
1683030076
391205
2135490589
391205
2134638621
391205
1682833500
391285
2135490589
391285
2134638621
391285
1683030076
391364
2135490589
391364
2134638621
391364
1682833500
391446
2135490589
391446
2134638621
391446
1683030076
391527
2135490589
391527
2134638621
391527
1682833500
391607
2135490589
391607
2134638621
391607
1683030076
391929
1682636859
391929
1681784891
392029
1682636859
392029
1681784891
392129
1682767963
392229
1682636859
392229
1681784891
392329
2135556125
392329
2134704157
392428
1682767963
392528
1682636859
392528
1681784891
392628
1682636859
392628
1681784891
392728
1682767963
392828
1682636859
392828
1681784891
392928
2135556125
392928
2134704157
393028
1682767963
393128
1682636859
393128
1681784891
393227
1682636859
393227
1681784891
393326
1682767963
393427
1682636859
393427
1681784891
393527
2135556125
393527
2134704157
393627
1682767963
393727
1682636859
393727
1681784891
393827
1682636859
393827
1681784891
393927
1682767963
394026
1682636859
394026
1681784891
394126
2135556125
394126
2134704157
394226
1682767963
394671
2135490589
394671
2134638621
394671
1682833500
394671
1683030076
395015
2135490589
395015
2134638621
395015
1682833500
395015
1683030076
