42357
2135490589
42357
2134638621
42357
1682767963
42357
2135556125
42357
2134704157
42533
2135490589
42533
2134638621
42533
1682767963
42533
2135556125
42533
2134704157
43240
2135490589
43240
2134638621
43240
1682636859
43240
1681784891
43416
1682767963
43505
1682767963
43593
1682767963
43681
1682767963
43770
2135490589
43770
2134638621
43770
1682636859
43770
1681784891
43946
2135490589
43946
2134638621
43946
2135556125
43946
2134704157
44653
2135490589
44653
2134638621
44829
1682767963
44829
1682964573
45183
2135490589
45183
2134638621
45183
1682767963
45183
2135556125
45183
2134704157
45358
2135490589
45358
2134638621
45358
1682767963
45358
2135556125
45358
2134704157
46061
2135490589
46061
2134638621
46061
1682636859
46061
1681784891
46236
1682767963
46320
1682767963
46402
1682767963
46484
1682767963
46568
2135490589
46568
2134638621
46568
1682636859
46568
1681784891
46740
2135490589
46740
2134638621
46740
2135556125
46740
2134704157
47261
1682964573
47434
2135490589
47434
2134638621
47608
1682767963
47652
1682767963
47799
2135490589
47799
2134638621
47990
2135490589
47990
2134638621
47990
1682833500
47990
1683030076
48373
2135490589
48373
2134638621
48373
1682833500
48373
1683030076
48755
2135490589
48755
2134638621
48755
1682833500
48755
1683030076
49138
2135490589
49138
2134638621
49138
1682833500
49138
1683030076
49520
2135490589
49520
2134638621
49520
1682833500
49520
1683030076
49902
2135490589
49902
2134638621
49902
1682833500
49902
1683030076
50285
2135490589
50285
2134638621
50285
1682964573
50667
2135490589
50667
2134638621
50667
1682964573
50904
2135490589
50904
2134638621
50963
2135490589
50963
2134638621
51022
1682767963
51057
1682767963
51273
2135490589
51273
2134638621
51273
1681850426
51273
1682702394
51273
1682636859
51273
1681784891
51524
2135490589
51524
2134638621
51524
1682636859
51524
1681784891
51524
2135556125
51524
2134704157
51775
1682767963
51839
1682767963
51903
1682767963
51967
1682767963
52031
2135490589
52031
2134638621
52095
2135490589
52095
2134638621
52159
1681850426
52159
1682702394
52223
1681850426
52223
1682702394
52287
1681850426
52287
1682702394
52351
1681850426
52351
1682702394
52415
2135490589
52415
2134638621
52480
2135490589
52480
2134638621
52544
1682636859
52544
1681784891
52608
1682636859
52608
1681784891
52672
1682636859
52672
1681784891
52736
1682636859
52736
1681784891
52800
2135490589
52800
2134638621
52864
2135490589
52864
2134638621
52928
2135490589
52928
2134638621
52928
1682964573
53199
2135490589
53199
2134638621
53199
1682964573
53471
2135490589
53471
2134638621
53742
1682767963
53742
2135556125
53742
2134704157
53991
2135490589
53991
2134638621
54302
1682767963
54488
2135490589
54488
2134638621
54488
1682833500
54662
2135490589
54662
2134638621
54836
2135490589
54836
2134638621
54836
1682767963
54836
1683030076
55184
1682833500
55369
2135490589
55369
2134638621
55369
1682833500
55553
2135490589
55553
2134638621
55553
1682767963
55553
1682833500
55645
2135490589
55645
2134638621
55737
2135490589
55737
2134638621
55737
1682833500
55830
2135490589
55830
2134638621
55830
1682767963
55922
2135490589
55922
2134638621
55922
1682833500
56094
2135490589
56094
2134638621
56094
1682833500
56267
1682767963
56267
1682833500
56439
2135490589
56439
2134638621
56439
1682833500
56611
1682833500
56805
2135490589
56805
2134638621
56805
1682833500
56998
1682767963
56998
1682833500
57172
1682833500
57346
2135490589
57346
2134638621
57346
1682833500
57520
2135490589
57520
2134638621
57520
1682833500
57694
2135490589
57694
2134638621
57694
1682767963
57694
1682833500
57868
1682833500
58042
1682833500
58216
2135490589
58216
2134638621
58216
1682833500
58390
2135490589
58390
2134638621
58390
1682767963
58390
1682833500
58477
2135490589
58477
2134638621
58563
2135490589
58563
2134638621
58563
1682833500
58650
2135490589
58650
2134638621
58650
1682767963
58737
2135490589
58737
2134638621
58737
1682833500
58911
2135490589
58911
2134638621
58911
1682833500
59085
1682767963
59085
1682833500
59259
2135490589
59259
2134638621
59259
1682833500
59433
1682833500
59607
2135490589
59607
2134638621
59781
1682767963
59781
1683030076
59954
1682767963
59954
1683030076
60126
2135490589
60126
2134638621
60126
1682833500
60299
2135490589
60299
2134638621
60299
1682833500
60472
1682767963
60472
1682833500
60645
1682833500
60817
1682833500
60990
2135490589
60990
2134638621
60990
1682833500
61163
2135490589
61163
2134638621
61163
1682767963
61163
1682833500
61249
2135490589
61249
2134638621
61335
2135490589
61335
2134638621
61335
1682833500
61422
2135490589
61422
2134638621
61422
1682767963
61508
2135490589
61508
2134638621
61508
1682833500
61681
2135490589
61681
2134638621
61681
1682833500
61854
1682767963
61854
1682833500
62026
2135490589
62026
2134638621
62026
1682833500
62199
1682833500
62372
2135490589
62372
2134638621
62545
2135490589
62545
2134638621
62545
1682767963
62545
1683030076
62890
2135490589
62890
2134638621
62890
1682833500
63063
2135490589
63063
2134638621
63063
1682833500
63236
2135490589
63236
2134638621
63236
1682767963
63236
1682833500
63408
1682833500
63581
1682833500
63754
2135490589
63754
2134638621
63754
1682833500
63926
2135490589
63926
2134638621
63926
1682767963
63926
1682833500
64013
2135490589
64013
2134638621
64099
2135490589
64099
2134638621
64099
1682833500
64186
2135490589
64186
2134638621
64186
1682767963
64272
2135490589
64272
2134638621
64272
1682833500
64445
2135490589
64445
2134638621
64445
1682833500
64617
1682767963
64617
1682833500
64790
2135490589
64790
2134638621
64790
1682833500
64963
1682833500
65136
2135490589
65136
2134638621
65308
1682767963
65308
1682964573
65481
1682767963
65654
2135490589
65654
2134638621
65654
1682833500
65826
2135490589
65826
2134638621
65999
2135490589
65999
2134638621
65999
1682767963
65999
1683030076
66345
1682833500
66517
2135490589
66517
2134638621
66517
1682833500
66690
2135490589
66690
2134638621
66690
1682767963
66690
1682833500
66776
2135490589
66776
2134638621
66863
2135490589
66863
2134638621
66863
1682833500
66949
2135490589
66949
2134638621
66949
1682767963
67036
2135490589
67036
2134638621
67036
1682833500
67208
2135490589
67208
2134638621
67208
1682833500
67381
1682767963
67381
1682833500
67554
2135490589
67554
2134638621
67554
1682833500
67727
1682833500
67899
2135490589
67899
2134638621
68072
1682767963
68072
1683030076
68417
2135490589
68417
2134638621
68417
1682833500
68590
2135490589
68590
2134638621
68590
1682833500
68763
2135490589
68763
2134638621
68763
1682767963
68763
1682833500
68936
1682833500
69108
1682833500
69281
2135490589
69281
2134638621
69281
1682833500
69454
2135490589
69454
2134638621
69454
1682767963
69454
1682833500
69540
2135490589
69540
2134638621
69625
2135490589
69625
2134638621
69625
1682833500
69711
2135490589
69711
2134638621
69711
1682767963
69797
2135490589
69797
2134638621
69797
1682833500
69968
2135490589
69968
2134638621
69968
1682833500
70139
1682767963
70139
1682833500
70311
2135490589
70311
2134638621
70311
1682833500
70482
1682833500
70654
2135490589
70654
2134638621
70825
1682767963
70825
1683030076
70997
1682767963
71168
2135490589
71168
2134638621
71168
1683030076
71339
2135490589
71339
2134638621
71511
2135490589
71511
2134638621
71511
1682767963
71511
1682833500
71682
1682833500
71854
1682833500
72025
2135490589
72025
2134638621
72025
1682833500
72196
2135490589
72196
2134638621
72196
1682767963
72196
1682833500
72282
2135490589
72282
2134638621
72368
2135490589
72368
2134638621
72368
1682833500
72454
2135490589
72454
2134638621
72454
1682767963
72539
2135490589
72539
2134638621
72539
1682833500
72711
2135490589
72711
2134638621
72711
1682833500
72882
1682767963
72882
1682833500
73059
2135490589
73059
2134638621
73059
1682833500
73237
1682833500
73414
2135490589
73414
2134638621
73591
1682767963
73591
1683030076
73928
2135490589
73928
2134638621
73928
1682833500
74096
2135490589
74096
2134638621
74096
1682833500
74265
2135490589
74265
2134638621
74265
1682767963
74265
1682833500
74432
1682833500
74599
1682833500
74766
2135490589
74766
2134638621
74766
1682833500
74933
2135490589
74933
2134638621
74933
1682767963
74933
1682833500
75016
2135490589
75016
2134638621
75100
2135490589
75100
2134638621
75100
1682833500
75183
2135490589
75183
2134638621
75183
1682767963
75267
1682767963
75350
1682767963
75434
2135490589
75434
2134638621
75517
2135490589
75517
2134638621
75600
1681850426
75600
1682702394
75684
1681850426
75684
1682702394
75767
2135490589
75767
2134638621
75851
2135490589
75851
2134638621
75934
1682636859
75934
1681784891
76018
1682636859
76018
1681784891
76101
2135490589
76101
2134638621
76185
2135490589
76185
2134638621
76268
1682767963
76352
1682767963
76435
1682767963
76519
1682767963
76602
2135490589
76602
2134638621
76602
1683030076
76777
2135490589
76777
2134638621
76951
2135490589
76951
2134638621
76951
1683030076
77038
2135490589
77038
2134638621
77213
2135490589
77213
2134638621
77300
1682767963
77474
2135490589
77474
2134638621
77474
1683030076
77823
2135490589
77823
2134638621
77823
1683030076
77997
2135490589
77997
2134638621
77997
1682833500
78346
2135490589
78346
2134638621
78346
1683030076
78509
2135490589
78509
2134638621
78509
1682833500
78835
2135490589
78835
2134638621
78999
1682767963
79030
1682767963
79162
2135490589
79162
2134638621
79325
2135490589
79325
2134638621
79325
1682833500
79501
2135490589
79501
2134638621
79676
2135490589
79676
2134638621
79676
1682767963
79676
1683030076
79852
1682833500
80027
1682833500
80203
2135490589
80203
2134638621
80203
1682833500
80379
2135490589
80379
2134638621
80379
1682767963
80379
1682833500
80466
2135490589
80466
2134638621
80554
2135490589
80554
2134638621
80554
1682833500
80642
2135490589
80642
2134638621
80642
1682767963
80730
2135490589
80730
2134638621
80730
1682833500
80905
2135490589
80905
2134638621
80905
1682833500
81081
1682767963
81081
1682833500
81253
1682833500
81425
1682833500
81598
2135490589
81598
2134638621
81598
1683030076
81769
1682767963
81769
1682833500
81941
2135490589
81941
2134638621
81941
1683030076
82113
2135490589
82113
2134638621
82113
1682833500
82285
2135490589
82285
2134638621
82285
1683030076
82457
1682767963
82629
2135490589
82629
2134638621
82629
1683030076
82801
1682833500
82973
2135490589
82973
2134638621
82973
1682833500
83145
2135490589
83145
2134638621
83145
1682767963
83145
1682833500
83231
2135490589
83231
2134638621
83317
2135490589
83317
2134638621
83317
1682833500
83403
2135490589
83403
2134638621
83403
1682767963
83489
2135490589
83489
2134638621
83489
1682833500
83661
2135490589
83661
2134638621
83661
1682833500
83833
1682767963
84005
2135490589
84005
2134638621
84005
1683030076
84177
1682833500
84349
2135490589
84349
2134638621
84521
1682767963
84521
1682964573
84694
1682767963
84865
2135490589
84865
2134638621
84865
1682964573
85037
2135490589
85037
2134638621
85209
1682767963
85209
1683030076
85381
1682833500
85553
1682833500
85725
2135490589
85725
2134638621
85725
1682833500
85897
2135490589
85897
2134638621
85897
1682767963
85897
1682833500
85983
2135490589
85983
2134638621
86069
2135490589
86069
2134638621
86069
1682833500
86156
2135490589
86156
2134638621
86156
1682767963
86241
2135490589
86241
2134638621
86241
1682833500
86413
2135490589
86413
2134638621
86413
1682833500
86585
1682767963
86585
1682833500
86757
1682833500
86929
1682833500
87101
2135490589
87101
2134638621
87101
1683030076
87273
1682767963
87273
1682833500
87445
2135490589
87445
2134638621
87445
1683030076
87618
2135490589
87618
2134638621
87618
1682833500
87790
2135490589
87790
2134638621
87790
1683030076
87962
1682767963
88134
2135490589
88134
2134638621
88134
1683030076
88307
1682833500
88480
2135490589
88480
2134638621
88480
1682833500
88652
2135490589
88652
2134638621
88652
1682767963
88652
1682833500
88739
2135490589
88739
2134638621
88825
2135490589
88825
2134638621
88825
1682833500
88912
2135490589
88912
2134638621
88912
1682767963
88998
2135490589
88998
2134638621
88998
1682833500
89171
2135490589
89171
2134638621
89171
1682833500
89343
1682767963
89516
2135490589
89516
2134638621
89516
1683030076
89688
1682833500
89862
2135490589
89862
2134638621
90034
1682767963
90034
1682964573
90206
1682767963
90379
2135490589
90379
2134638621
90379
1682964573
90551
2135490589
90551
2134638621
90724
1682767963
90724
1683030076
90897
1682833500
91070
1682833500
91242
2135490589
91242
2134638621
91242
1682833500
91415
2135490589
91415
2134638621
91415
1682767963
91415
1682833500
91501
2135490589
91501
2134638621
91588
2135490589
91588
2134638621
91588
1682833500
91674
2135490589
91674
2134638621
91674
1682767963
91760
2135490589
91760
2134638621
91760
1682833500
91933
2135490589
91933
2134638621
91933
1682833500
92106
1682767963
92106
1682833500
92279
1682833500
92451
1682833500
92623
2135490589
92623
2134638621
92623
1683030076
92797
1682767963
92797
1682833500
92969
2135490589
92969
2134638621
92969
1683030076
93142
2135490589
93142
2134638621
93142
1682833500
93315
2135490589
93315
2134638621
93315
1683030076
93487
1682767963
93659
2135490589
93659
2134638621
93659
1683030076
93833
1682833500
94006
2135490589
94006
2134638621
94006
1682833500
94178
2135490589
94178
2134638621
94178
1682767963
94178
1682833500
94264
2135490589
94264
2134638621
94350
2135490589
94350
2134638621
94350
1682833500
94436
2135490589
94436
2134638621
94436
1682767963
94521
2135490589
94521
2134638621
94521
1682833500
94693
2135490589
94693
2134638621
94693
1682833500
94865
1682767963
95037
2135490589
95037
2134638621
95037
1683030076
95208
1682833500
95381
2135490589
95381
2134638621
95551
1682767963
95551
1682964573
95722
1682767963
95895
2135490589
95895
2134638621
95895
1682964573
96066
2135490589
96066
2134638621
96238
2135490589
96238
2134638621
96238
1682767963
96238
1683030076
96409
1682833500
96581
1682833500
96752
2135490589
96752
2134638621
96752
1682833500
96924
2135490589
96924
2134638621
96924
1682767963
96924
1682833500
97010
2135490589
97010
2134638621
97097
2135490589
97097
2134638621
97097
1682833500
97182
2135490589
97182
2134638621
97182
1682767963
97268
2135490589
97268
2134638621
97268
1682833500
97439
2135490589
97439
2134638621
97439
1682833500
97611
1682767963
97611
1682833500
97783
1682833500
97954
1682833500
98125
2135490589
98125
2134638621
98125
1683030076
98298
1682767963
98298
1682833500
98469
1682767963
98641
2135490589
98641
2134638621
98641
1682964573
98816
2135490589
98816
2134638621
98816
1682964573
98990
1682767963
99165
2135490589
99165
2134638621
99165
1683030076
99340
1682833500
99515
2135490589
99515
2134638621
99515
1682833500
99689
1682767963
99689
1682833500
99864
2135490589
99864
2134638621
99864
1682833500
100038
1682767963
100120
1682767963
100201
1682767963
100282
1682767963
100363
2135490589
100363
2134638621
100363
1681850426
100363
1682702394
100442
1681850426
100442
1682702394
100521
1681850426
100521
1682702394
100600
1681850426
100600
1682702394
100679
2135490589
100679
2134638621
100679
1682636859
100679
1681784891
100762
1682636859
100762
1681784891
100845
1682636859
100845
1681784891
100927
1682636859
100927
1681784891
101010
1682636859
101010
1681784891
101089
1682636859
101089
1681784891
101168
1682636859
101168
1681784891
101248
1682636859
101248
1681784891
101327
2135490589
101327
2134638621
101327
1682964573
101484
2135490589
101484
2134638621
101641
2135490589
101641
2134638621
101641
1682964573
101719
2135490589
101719
2134638621
101876
2135490589
101876
2134638621
101954
1682767963
101954
1682964573
102124
2135490589
102124
2134638621
102294
1682964573
102464
2135490589
102464
2134638621
102634
2135490589
102634
2134638621
102634
1682964573
102889
2135490589
102889
2134638621
102973
1682964573
103143
2135490589
103143
2134638621
103313
1682767963
103313
1682964573
103483
2135490589
103483
2134638621
103653
1682767963
103738
1682767963
103823
1682767963
103908
1682767963
103992
2135490589
103992
2134638621
103992
1682964573
104162
2135490589
104162
2134638621
104332
2135490589
104332
2134638621
104332
1682964573
104416
2135490589
104416
2134638621
104584
2135490589
104584
2134638621
104667
1682767963
104667
1682964573
104835
2135490589
104835
2134638621
105003
1682964573
105170
2135490589
105170
2134638621
105338
2135490589
105338
2134638621
105338
1682964573
105590
2135490589
105590
2134638621
105673
1682964573
105841
2135490589
105841
2134638621
106009
1682767963
106009
1682964573
106176
2135490589
106176
2134638621
106344
1682767963
106428
1682767963
106512
1682767963
106596
1682767963
106679
2135490589
106679
2134638621
106679
1682964573
106847
2135490589
106847
2134638621
107014
2135490589
107014
2134638621
107014
1682964573
107098
2135490589
107098
2134638621
107266
2135490589
107266
2134638621
107350
1682767963
107350
1682964573
107517
2135490589
107517
2134638621
107685
1682964573
107853
2135490589
107853
2134638621
108020
2135490589
108020
2134638621
108020
1682964573
108272
2135490589
108272
2134638621
108355
1682964573
108523
2135490589
108523
2134638621
108691
1682767963
108691
1682964573
108858
2135490589
108858
2134638621
109026
1682767963
109110
1682767963
109194
1682767963
109278
1682767963
109361
2135490589
109361
2134638621
109361
1683030076
109529
2135490589
109529
2134638621
109698
2135490589
109698
2134638621
109698
1683030076
109781
2135490589
109781
2134638621
109950
2135490589
109950
2134638621
110034
1682767963
110034
1683030076
110202
2135490589
110202
2134638621
110202
1682833500
110538
2135490589
110538
2134638621
110538
1683030076
110707
2135490589
110707
2134638621
110707
1682833500
111043
2135490589
111043
2134638621
111043
1683030076
111211
2135490589
111211
2134638621
111211
1682833500
111379
1683030076
111547
2135490589
111547
2134638621
111716
1682767963
111716
1682833500
111884
2135490589
111884
2134638621
111968
2135490589
111968
2134638621
112052
1682767963
112052
2135556125
112052
2134704157
112220
1682767963
112220
2135556125
112220
2134704157
112893
2135490589
112893
2134638621
112893
1682636859
112893
1681784891
113061
1682767963
113145
1682767963
113229
1682767963
113313
1682767963
113397
2135490589
113397
2134638621
113397
1682636859
113397
1681784891
113571
2135490589
113571
2134638621
113571
2135556125
113571
2134704157
114265
2135490589
114265
2134638621
114438
1682767963
114478
1682767963
114782
2135490589
114782
2134638621
114782
1682833500
114955
2135490589
114955
2134638621
115129
2135490589
115129
2134638621
115129
1682767963
115129
1683030076
115303
1682833500
115476
1682833500
115650
2135490589
115650
2134638621
115650
1682833500
115824
2135490589
115824
2134638621
115824
1682767963
115824
1682833500
115910
2135490589
115910
2134638621
115997
2135490589
115997
2134638621
115997
1682833500
116084
2135490589
116084
2134638621
116084
1682767963
116171
2135490589
116171
2134638621
116171
1682833500
116344
2135490589
116344
2134638621
116344
1682833500
116518
1682767963
116518
1682833500
116692
1682833500
116866
1682833500
117040
2135490589
117040
2134638621
117040
1683030076
117213
1682767963
117213
1682833500
117387
2135490589
117387
2134638621
117387
1683030076
117560
2135490589
117560
2134638621
117560
1682833500
117734
2135490589
117734
2134638621
117734
1683030076
117908
1682767963
118081
2135490589
118081
2134638621
118081
1683030076
118255
1682833500
118429
2135490589
118429
2134638621
118429
1682833500
118602
2135490589
118602
2134638621
118602
1682767963
118602
1682833500
118689
2135490589
118689
2134638621
118775
2135490589
118775
2134638621
118775
1682833500
118862
2135490589
118862
2134638621
118862
1682767963
118948
2135490589
118948
2134638621
118948
1682833500
119121
2135490589
119121
2134638621
119121
1682833500
119294
1682767963
119294
1682833500
119467
2135490589
119467
2134638621
119467
1683030076
119640
1682833500
119812
2135490589
119812
2134638621
119985
1682767963
119985
1682964573
120159
1682767963
120331
2135490589
120331
2134638621
120331
1682964573
120504
2135490589
120504
2134638621
120677
2135490589
120677
2134638621
120677
1682767963
120677
1683030076
120850
1682833500
121023
1682833500
121195
2135490589
121195
2134638621
121195
1682833500
121368
2135490589
121368
2134638621
121368
1682767963
121368
1682833500
121454
2135490589
121454
2134638621
121540
2135490589
121540
2134638621
121540
1682833500
121626
2135490589
121626
2134638621
121626
1682767963
121711
2135490589
121711
2134638621
121711
1682833500
121882
2135490589
121882
2134638621
121882
1682833500
122053
1682767963
122053
1682833500
122225
1682833500
122396
1682833500
122567
2135490589
122567
2134638621
122567
1683030076
122738
1682767963
122738
1682833500
122909
2135490589
122909
2134638621
122909
1683030076
123081
2135490589
123081
2134638621
123081
1682833500
123252
2135490589
123252
2134638621
123252
1683030076
123423
1682767963
123600
2135490589
123600
2134638621
123600
1683030076
123778
1682833500
123955
2135490589
123955
2134638621
123955
1682833500
124132
2135490589
124132
2134638621
124132
1682767963
124132
1682833500
124214
2135490589
124214
2134638621
124296
2135490589
124296
2134638621
124296
1682833500
124378
2135490589
124378
2134638621
124378
1682767963
124459
1682767963
124541
1682767963
124623
1682767963
124705
1682767963
124786
2135490589
124786
2134638621
124786
1681850426
124786
1682702394
124868
1681850426
124868
1682702394
124950
1682767963
125032
1682767963
125114
1682767963
125195
1682767963
125277
1682767963
125359
1682767963
125441
1682767963
125523
1682767963
125604
1682767963
125686
1682767963
125768
2135490589
125768
2134638621
125768
1682833500
125940
2135490589
125940
2134638621
126113
2135490589
126113
2134638621
126113
1682767963
126113
1683030076
126286
1682833500
126459
1682833500
126631
2135490589
126631
2134638621
126631
1682833500
126804
2135490589
126804
2134638621
126804
1682767963
126804
1682833500
126891
2135490589
126891
2134638621
126978
2135490589
126978
2134638621
126978
1682833500
127064
2135490589
127064
2134638621
127064
1682767963
127150
2135490589
127150
2134638621
127150
1682833500
127323
2135490589
127323
2134638621
127323
1682833500
127495
1682767963
127495
1682833500
127669
1682833500
127841
1682833500
128013
2135490589
128013
2134638621
128013
1683030076
128186
1682767963
128186
1682833500
128359
2135490589
128359
2134638621
128359
1683030076
128532
2135490589
128532
2134638621
128532
1682833500
128705
2135490589
128705
2134638621
128705
1683030076
128877
1682767963
129049
2135490589
129049
2134638621
129049
1683030076
129223
1682833500
129396
2135490589
129396
2134638621
129396
1682833500
129568
2135490589
129568
2134638621
129568
1682767963
129568
1682833500
129655
2135490589
129655
2134638621
129742
2135490589
129742
2134638621
129742
1682833500
129829
2135490589
129829
2134638621
129829
1682767963
129915
2135490589
129915
2134638621
129915
1682833500
130089
2135490589
130089
2134638621
130089
1682833500
130262
1682767963
130436
2135490589
130436
2134638621
130436
1683030076
130610
1682833500
130785
2135490589
130785
2134638621
130957
1682767963
130957
1682964573
131128
1682767963
131302
2135490589
131302
2134638621
131302
1682964573
131474
2135490589
131474
2134638621
131647
2135490589
131647
2134638621
131647
1682767963
131647
1683030076
131820
1682833500
131992
1682833500
132165
2135490589
132165
2134638621
132165
1682833500
132338
2135490589
132338
2134638621
132338
1682767963
132338
1682833500
132423
2135490589
132423
2134638621
132509
2135490589
132509
2134638621
132509
1682833500
132594
2135490589
132594
2134638621
132594
1682767963
132679
2135490589
132679
2134638621
132679
1682833500
132849
2135490589
132849
2134638621
132849
1682833500
133020
1682767963
133020
1682833500
133191
1682833500
133361
1682833500
133531
2135490589
133531
2134638621
133531
1683030076
133703
1682767963
133703
1682833500
133873
1682767963
134044
2135490589
134044
2134638621
134044
1682964573
134215
2135490589
134215
2134638621
134215
1682964573
134385
1682767963
134555
2135490589
134555
2134638621
134555
1683030076
134726
1682833500
134897
2135490589
134897
2134638621
134897
1682833500
135067
1682767963
135067
1682833500
135237
2135490589
135237
2134638621
135237
1682833500
135406
1682767963
135491
1682767963
135576
1682767963
135660
1682767963
135744
2135490589
135744
2134638621
135744
1681850426
135744
1682702394
135829
1681850426
135829
1682702394
135914
1682767963
135998
1682767963
136083
2135490589
136083
2134638621
136083
1682767963
136168
1682767963
136253
1682767963
136337
1682767963
136422
1682636859
136422
1681784891
136506
1682636859
136506
1681784891
136590
1682636859
136590
1681784891
136676
1682636859
136676
1681784891
136760
2135490589
136760
2134638621
136760
1682964573
136928
2135490589
136928
2134638621
137095
2135490589
137095
2134638621
137095
1682964573
137178
2135490589
137178
2134638621
137346
2135490589
137346
2134638621
137430
1682767963
137430
1682964573
137597
2135490589
137597
2134638621
137765
1682964573
137932
2135490589
137932
2134638621
138099
2135490589
138099
2134638621
138099
1682964573
138351
2135490589
138351
2134638621
138434
1682964573
138602
2135490589
138602
2134638621
138769
1682767963
138769
1682964573
138936
2135490589
138936
2134638621
139104
1682767963
139188
1682767963
139272
1682767963
139356
1682767963
139439
2135490589
139439
2134638621
139439
1682964573
139606
2135490589
139606
2134638621
139773
2135490589
139773
2134638621
139773
1682964573
139857
2135490589
139857
2134638621
140025
2135490589
140025
2134638621
140108
1682767963
140108
1682964573
140276
2135490589
140276
2134638621
140443
1682964573
140610
2135490589
140610
2134638621
140778
2135490589
140778
2134638621
140778
1682964573
141030
2135490589
141030
2134638621
141113
1682964573
141280
2135490589
141280
2134638621
141447
1682767963
141447
1682964573
141614
2135490589
141614
2134638621
141782
1682767963
141866
1682767963
141950
1682767963
142034
1682767963
142117
2135490589
142117
2134638621
142117
1682964573
142285
2135490589
142285
2134638621
142452
2135490589
142452
2134638621
142452
1682964573
142535
2135490589
142535
2134638621
142703
2135490589
142703
2134638621
142787
1682767963
142787
1682964573
142953
2135490589
142953
2134638621
143121
1682964573
143289
2135490589
143289
2134638621
143456
2135490589
143456
2134638621
143456
1682964573
143708
2135490589
143708
2134638621
143791
1682964573
143958
2135490589
143958
2134638621
144126
1682767963
144126
1682964573
144293
2135490589
144293
2134638621
144461
1682767963
144544
1682767963
144628
1682767963
144712
1682767963
144795
2135490589
144795
2134638621
144795
1683030076
144962
2135490589
144962
2134638621
145130
2135490589
145130
2134638621
145130
1683030076
145213
2135490589
145213
2134638621
145381
2135490589
145381
2134638621
145465
1682767963
145465
1683030076
145632
2135490589
145632
2134638621
145632
1682833500
145967
2135490589
145967
2134638621
145967
1683030076
146134
2135490589
146134
2134638621
146134
1682833500
146469
2135490589
146469
2134638621
146469
1683030076
146638
2135490589
146638
2134638621
146638
1682833500
146806
1683030076
146975
2135490589
146975
2134638621
147144
1682767963
147144
1683030076
147312
2135490589
147312
2134638621
147396
2135490589
147396
2134638621
147481
2135490589
147481
2134638621
147481
1682767963
147481
1683030076
147559
2135490589
147559
2134638621
147638
2135490589
147638
2134638621
147638
1682964573
147716
2135490589
147716
2134638621
147795
2135490589
147795
2134638621
147795
1682767963
147795
1682964573
147873
2135490589
147873
2134638621
147951
2135490589
147951
2134638621
147951
1682964573
148030
2135490589
148030
2134638621
148108
2135490589
148108
2134638621
148108
1682767963
148108
1682964573
148187
2135490589
148187
2134638621
148265
2135490589
148265
2134638621
148265
1682964573
148344
2135490589
148344
2134638621
148422
2135490589
148422
2134638621
148422
1682767963
148422
1682964573
148500
2135490589
148500
2134638621
148579
2135490589
148579
2134638621
148579
1682964573
148658
2135490589
148658
2134638621
148736
2135490589
148736
2134638621
148736
1682767963
148736
1682964573
148815
2135490589
148815
2134638621
148893
2135490589
148893
2134638621
148893
1682964573
148972
2135490589
148972
2134638621
149050
2135490589
149050
2134638621
149050
1682767963
149050
1682964573
149128
2135490589
149128
2134638621
149206
2135490589
149206
2134638621
149206
1682964573
149285
2135490589
149285
2134638621
149364
2135490589
149364
2134638621
149364
1682767963
149364
1682964573
149443
2135490589
149443
2134638621
149521
2135490589
149521
2134638621
149521
1682964573
149600
2135490589
149600
2134638621
149678
2135490589
149678
2134638621
149678
1682767963
149678
1682964573
149756
2135490589
149756
2134638621
149834
2135490589
149834
2134638621
149834
1682964573
149913
2135490589
149913
2134638621
149991
2135490589
149991
2134638621
149991
1682767963
149991
1682964573
150074
2135490589
150074
2134638621
150155
2135490589
150155
2134638621
150155
1682964573
150238
2135490589
150238
2134638621
150319
2135490589
150319
2134638621
150319
1682767963
150319
1682964573
150401
2135490589
150401
2134638621
150483
2135490589
150483
2134638621
150483
1682964573
150566
2135490589
150566
2134638621
150647
2135490589
150647
2134638621
150647
1682767963
150647
1682964573
150727
2135490589
150727
2134638621
150805
2135490589
150805
2134638621
150805
1682964573
150884
2135490589
150884
2134638621
150963
2135490589
150963
2134638621
150963
1682767963
150963
1682964573
151041
2135490589
151041
2134638621
151120
2135490589
151120
2134638621
151120
1682964573
151200
2135490589
151200
2134638621
151278
2135490589
151278
2134638621
151278
1682767963
151278
1682964573
151358
2135490589
151358
2134638621
151436
2135490589
151436
2134638621
151436
1682964573
151515
2135490589
151515
2134638621
151594
2135490589
151594
2134638621
151594
1682767963
151594
1682964573
151672
2135490589
151672
2134638621
151751
2135490589
151751
2134638621
151751
1682964573
151831
2135490589
151831
2134638621
151909
2135490589
151909
2134638621
151909
1682767963
151909
1682964573
151989
2135490589
151989
2134638621
152067
2135490589
152067
2134638621
152067
1682964573
152146
2135490589
152146
2134638621
152225
2135490589
152225
2134638621
152225
1682767963
152225
1682964573
152303
2135490589
152303
2134638621
152382
2135490589
152382
2134638621
152382
1682964573
152462
2135490589
152462
2134638621
152540
2135490589
152540
2134638621
152540
1682767963
152540
1682964573
152620
2135490589
152620
2134638621
152698
2135490589
152698
2134638621
152698
1682964573
152777
2135490589
152777
2134638621
152856
2135490589
152856
2134638621
152856
1682767963
152856
1682964573
152934
2135490589
152934
2134638621
153013
2135490589
153013
2134638621
153013
1682964573
153092
2135490589
153092
2134638621
153171
2135490589
153171
2134638621
153171
1682767963
153171
1682964573
153250
2135490589
153250
2134638621
153329
2135490589
153329
2134638621
153329
1682964573
153408
2135490589
153408
2134638621
153486
2135490589
153486
2134638621
153486
1682767963
153486
1682964573
153565
2135490589
153565
2134638621
153644
2135490589
153644
2134638621
153644
1682964573
153723
2135490589
153723
2134638621
153802
2135490589
153802
2134638621
153802
1682767963
153802
1682964573
153881
2135490589
153881
2134638621
153959
2135490589
153959
2134638621
153959
1682964573
154039
2135490589
154039
2134638621
154117
2135490589
154117
2134638621
154117
1682767963
154117
1682964573
154196
2135490589
154196
2134638621
154274
2135490589
154274
2134638621
154274
1682964573
154354
2135490589
154354
2134638621
154432
2135490589
154432
2134638621
154432
1682767963
154432
1682964573
154512
2135490589
154512
2134638621
154590
2135490589
154590
2134638621
154590
1682964573
154669
2135490589
154669
2134638621
154748
2135490589
154748
2134638621
154748
1682767963
154748
1682964573
154826
2135490589
154826
2134638621
154905
2135490589
154905
2134638621
154905
1682964573
154984
2135490589
154984
2134638621
155063
2135490589
155063
2134638621
155063
1682767963
155063
1682964573
155142
2135490589
155142
2134638621
155221
2135490589
155221
2134638621
155221
1682964573
155300
2135490589
155300
2134638621
155378
2135490589
155378
2134638621
155378
1682767963
155378
1682964573
155457
2135490589
155457
2134638621
155535
2135490589
155535
2134638621
155535
1682964573
155615
2135490589
155615
2134638621
155694
2135490589
155694
2134638621
155694
1682767963
155694
1682964573
155773
2135490589
155773
2134638621
155850
2135490589
155850
2134638621
155850
1682964573
155929
2135490589
155929
2134638621
156007
1682767963
156085
1682767963
156164
2135490589
156164
2134638621
156242
2135490589
156242
2134638621
156321
1682767963
156399
1682767963
156477
1682767963
156556
1682767963
156634
2135490589
156634
2134638621
156634
1682636859
156634
1681784891
156713
1682636859
156713
1681784891
156791
1682636859
156791
1681784891
156870
1682636859
156870
1681784891
156948
1682636859
156948
1681784891
157027
1682636859
157027
1681784891
157106
2135490589
157106
2134638621
157184
2135490589
157184
2134638621
157263
1682767963
157341
1682767963
157420
2135490589
157420
2134638621
157499
2135490589
157499
2134638621
157577
1682767963
157577
1683030076
157735
2135490589
157735
2134638621
157893
1682767963
157893
1682964573
158051
2135490589
158051
2134638621
158051
1682964573
158209
1682767963
158209
1682964573
158368
2135490589
158368
2134638621
158368
1682964573
158526
1682767963
158526
1682964573
158684
2135490589
158684
2134638621
158684
1682964573
158842
1682767963
158842
1682964573
159000
2135490589
159000
2134638621
159000
1682964573
159158
1682767963
159158
1682964573
159316
2135490589
159316
2134638621
159316
1682964573
159474
1682767963
159474
1682964573
159632
2135490589
159632
2134638621
159632
1682964573
159790
1682767963
159790
1682964573
159948
2135490589
159948
2134638621
159948
1682964573
160106
1682767963
160106
1682964573
160264
2135490589
160264
2134638621
160264
1682964573
160422
1682767963
160422
1682964573
160580
2135490589
160580
2134638621
160580
1682964573
160738
1682767963
160738
1682964573
160897
2135490589
160897
2134638621
160897
1682964573
161054
1682767963
161054
1682964573
161212
2135490589
161212
2134638621
161212
1683030076
161370
1682767963
161370
1682964573
161529
2135490589
161529
2134638621
161529
1682964573
161686
1682767963
161686
1682964573
161844
2135490589
161844
2134638621
161844
1683030076
162002
1682767963
162002
1682964573
162164
2135490589
162164
2134638621
162245
2135490589
162245
2134638621
162326
1682767963
162326
1683030076
162482
1682767963
162482
1683030076
162638
1682767963
162638
1683030076
162795
2135490589
162795
2134638621
162795
1683030076
162951
1682767963
162951
1682833500
163108
2135490589
163108
2134638621
163108
1682833500
163264
1682767963
163264
1682833500
163421
2135490589
163421
2134638621
163421
1682833500
163577
1682767963
163577
1682833500
163733
2135490589
163733
2134638621
163733
1682833500
163890
1682767963
163890
1682833500
164047
2135490589
164047
2134638621
164047
1682833500
164203
1682767963
164203
1682833500
164359
2135490589
164359
2134638621
164359
1682833500
164516
1682767963
164516
1682833500
164673
2135490589
164673
2134638621
164673
1682833500
164828
1682767963
164828
1682833500
164984
2135490589
164984
2134638621
164984
1682833500
165141
1682767963
165141
1682833500
165298
2135490589
165298
2134638621
165298
1682833500
165455
1682767963
165455
1682833500
165611
2135490589
165611
2134638621
165611
1682833500
165768
1682767963
165768
1682833500
165925
2135490589
165925
2134638621
165925
1682833500
166081
1682767963
166081
1682833500
166237
2135490589
166237
2134638621
166237
1682833500
166394
1682767963
166394
1682833500
166548
2135490589
166548
2134638621
166548
1682833500
166702
1682767963
166702
1682833500
166855
2135490589
166855
2134638621
166933
2135490589
166933
2134638621
167010
1682767963
167086
1682767963
167163
2135490589
167163
2134638621
167240
2135490589
167240
2134638621
167317
1682767963
167394
1682767963
167471
2135490589
167471
2134638621
167548
2135490589
167548
2134638621
167625
2135490589
167625
2134638621
167625
1682767963
167625
1683030076
167704
2135490589
167704
2134638621
167783
2135490589
167783
2134638621
167783
1682964573
167861
2135490589
167861
2134638621
167939
2135490589
167939
2134638621
167939
1682767963
167939
1682964573
168018
2135490589
168018
2134638621
168096
2135490589
168096
2134638621
168096
1682964573
168175
2135490589
168175
2134638621
168253
2135490589
168253
2134638621
168253
1682767963
168253
1682964573
168332
2135490589
168332
2134638621
168410
2135490589
168410
2134638621
168410
1682964573
168489
2135490589
168489
2134638621
168567
2135490589
168567
2134638621
168567
1682767963
168567
1682964573
168646
2135490589
168646
2134638621
168724
2135490589
168724
2134638621
168724
1682964573
168803
2135490589
168803
2134638621
168881
2135490589
168881
2134638621
168881
1682767963
168881
1682964573
168960
2135490589
168960
2134638621
169038
2135490589
169038
2134638621
169038
1682964573
169117
2135490589
169117
2134638621
169195
2135490589
169195
2134638621
169195
1682767963
169195
1682964573
169274
2135490589
169274
2134638621
169352
2135490589
169352
2134638621
169352
1682964573
169431
2135490589
169431
2134638621
169509
2135490589
169509
2134638621
169509
1682767963
169509
1682964573
169588
2135490589
169588
2134638621
169666
2135490589
169666
2134638621
169666
1682964573
169745
2135490589
169745
2134638621
169823
2135490589
169823
2134638621
169823
1682767963
169823
1682964573
169902
2135490589
169902
2134638621
169980
2135490589
169980
2134638621
169980
1682964573
170059
2135490589
170059
2134638621
170137
2135490589
170137
2134638621
170137
1682767963
170137
1682964573
170216
2135490589
170216
2134638621
170294
2135490589
170294
2134638621
170294
1682964573
170373
2135490589
170373
2134638621
170451
2135490589
170451
2134638621
170451
1682767963
170451
1682964573
170530
2135490589
170530
2134638621
170608
2135490589
170608
2134638621
170608
1682964573
170687
2135490589
170687
2134638621
170765
2135490589
170765
2134638621
170765
1682767963
170765
1682964573
170844
2135490589
170844
2134638621
170922
2135490589
170922
2134638621
170922
1682964573
171001
2135490589
171001
2134638621
171079
2135490589
171079
2134638621
171079
1682767963
171079
1682964573
171158
2135490589
171158
2134638621
171236
2135490589
171236
2134638621
171236
1682964573
171315
2135490589
171315
2134638621
171393
2135490589
171393
2134638621
171393
1682767963
171393
1682964573
171472
2135490589
171472
2134638621
171550
2135490589
171550
2134638621
171550
1682964573
171629
2135490589
171629
2134638621
171707
2135490589
171707
2134638621
171707
1682767963
171707
1682964573
171785
2135490589
171785
2134638621
171863
2135490589
171863
2134638621
171863
1682964573
171942
2135490589
171942
2134638621
172020
2135490589
172020
2134638621
172020
1682767963
172020
1682964573
172099
2135490589
172099
2134638621
172177
2135490589
172177
2134638621
172177
1682964573
172256
2135490589
172256
2134638621
172333
2135490589
172333
2134638621
172333
1682767963
172333
1682964573
172412
2135490589
172412
2134638621
172490
2135490589
172490
2134638621
172490
1682964573
172569
2135490589
172569
2134638621
172647
2135490589
172647
2134638621
172647
1682767963
172647
1682964573
172725
2135490589
172725
2134638621
172802
2135490589
172802
2134638621
172802
1682964573
172880
2135490589
172880
2134638621
172957
2135490589
172957
2134638621
172957
1682767963
172957
1682964573
173035
2135490589
173035
2134638621
173112
2135490589
173112
2134638621
173112
1682964573
173190
2135490589
173190
2134638621
173268
2135490589
173268
2134638621
173268
1682767963
173268
1682964573
173346
2135490589
173346
2134638621
173423
2135490589
173423
2134638621
173423
1682964573
173501
2135490589
173501
2134638621
173578
2135490589
173578
2134638621
173578
1682767963
173578
1682964573
173656
2135490589
173656
2134638621
173733
2135490589
173733
2134638621
173733
1682964573
173811
2135490589
173811
2134638621
173888
2135490589
173888
2134638621
173888
1682767963
173888
1682964573
173968
2135490589
173968
2134638621
174047
2135490589
174047
2134638621
174047
1682964573
174127
2135490589
174127
2134638621
174206
2135490589
174206
2134638621
174206
1682767963
174206
1682964573
174286
2135490589
174286
2134638621
174365
2135490589
174365
2134638621
174365
1682964573
174444
2135490589
174444
2134638621
174523
2135490589
174523
2134638621
174523
1682767963
174523
1682964573
174603
2135490589
174603
2134638621
174682
2135490589
174682
2134638621
174682
1682964573
174762
2135490589
174762
2134638621
174841
2135490589
174841
2134638621
174841
1682767963
174841
1682964573
174921
2135490589
174921
2134638621
175000
2135490589
175000
2134638621
175000
1682964573
175080
2135490589
175080
2134638621
175158
2135490589
175158
2134638621
175158
1682767963
175158
1682964573
175238
2135490589
175238
2134638621
175317
2135490589
175317
2134638621
175317
1682964573
175397
2135490589
175397
2134638621
175476
2135490589
175476
2134638621
175476
1682767963
175476
1682964573
175553
2135490589
175553
2134638621
175630
2135490589
175630
2134638621
175630
1682964573
175707
2135490589
175707
2134638621
175784
1681850426
175784
1682702394
175861
1681850426
175861
1682702394
175938
2135490589
175938
2134638621
176015
2135490589
176015
2134638621
176092
1682767963
176170
1682767963
176248
1682767963
176326
1682767963
176404
2135490589
176404
2134638621
176404
1682767963
176482
1682767963
176560
1682767963
176638
1682767963
176716
2135490589
176716
2134638621
176716
1682767963
176789
1682767963
176862
1682767963
176935
1682767963
177008
1682767963
177154
1682767963
177300
1682767963
177446
1682767963
177592
2135490589
177592
2134638621
177592
1683030076
177742
2135490589
177742
2134638621
177742
1682833500
177891
2135490589
177891
2134638621
177891
1683030076
178041
2135490589
178041
2134638621
178191
1682767963
178191
1683030076
178341
1682767963
178491
2135490589
178491
2134638621
178491
1683030076
178641
2135490589
178641
2134638621
178791
2135490589
178791
2134638621
178791
1683030076
178941
2135490589
178941
2134638621
179091
1683030076
179241
2135490589
179241
2134638621
179391
1682767963
179391
1683030076
179541
2135490589
179541
2134638621
179690
1683030076
179840
2135490589
179840
2134638621
179990
1683030076
180142
2135490589
180142
2134638621
180295
1683030076
180447
2135490589
180447
2134638621
180599
1682767963
180599
1683030076
180751
1682767963
180903
2135490589
180903
2134638621
180903
1683030076
181056
2135490589
181056
2134638621
181056
1682833500
181208
2135490589
181208
2134638621
181208
1683030076
181360
2135490589
181360
2134638621
181360
1682833500
181512
1683030076
181664
2135490589
181664
2134638621
181817
1682767963
181817
1683030076
181969
2135490589
181969
2134638621
182121
1683030076
182273
2135490589
182273
2134638621
182425
1683030076
182578
2135490589
182578
2134638621
182730
1683030076
182882
2135490589
182882
2134638621
183034
1682767963
183034
1683030076
183186
1682767963
183339
2135490589
183339
2134638621
183339
1683030076
183489
2135490589
183489
2134638621
183489
1682833500
183638
2135490589
183638
2134638621
183638
1683030076
183788
2135490589
183788
2134638621
183788
1682833500
183938
1683030076
184087
2135490589
184087
2134638621
184237
1682767963
184237
1683030076
184387
2135490589
184387
2134638621
184537
1683030076
184687
2135490589
184687
2134638621
184836
1683030076
184987
2135490589
184987
2134638621
185136
1683030076
185286
2135490589
185286
2134638621
185436
1683030076
185585
2135490589
185585
2134638621
185660
2135490589
185660
2134638621
185735
1682767963
185767
1682767963
185882
1682767963
186029
1682767963
186176
1682767963
186323
1682767963
186470
2135490589
186470
2134638621
186470
1682833500
186763
2135490589
186763
2134638621
186763
1682833500
187057
2135490589
187057
2134638621
187057
1682833500
187369
2135490589
187369
2134638621
187369
1683030076
187701
2135490589
187701
2134638621
187866
1682767963
187866
1683030076
188018
1682767963
188170
2135490589
188170
2134638621
188170
1683030076
188323
2135490589
188323
2134638621
188323
1682833500
188475
2135490589
188475
2134638621
188475
1683030076
188627
2135490589
188627
2134638621
188627
1682833500
188779
1683030076
188931
2135490589
188931
2134638621
189084
1682767963
189084
1683030076
189236
2135490589
189236
2134638621
189388
1683030076
189541
2135490589
189541
2134638621
189693
1683030076
189846
2135490589
189846
2134638621
189997
1683030076
190150
2135490589
190150
2134638621
190302
1682767963
190302
1683030076
190439
1682767963
190577
2135490589
190577
2134638621
190577
1683030076
190716
2135490589
190716
2134638621
190853
2135490589
190853
2134638621
190853
1683030076
191008
2135490589
191008
2134638621
191162
1683030076
191316
2135490589
191316
2134638621
191472
1682767963
191472
1683030076
191626
2135490589
191626
2134638621
191781
1683030076
191936
2135490589
191936
2134638621
192090
1683030076
192246
2135490589
192246
2134638621
192400
1683030076
192554
2135490589
192554
2134638621
192709
1682767963
192709
1683030076
192858
1682767963
193007
2135490589
193007
2134638621
193007
1683030076
193157
2135490589
193157
2134638621
193305
2135490589
193305
2134638621
193305
1683030076
193454
2135490589
193454
2134638621
193603
1683030076
193752
2135490589
193752
2134638621
193901
1682767963
193901
1683030076
194051
2135490589
194051
2134638621
194200
1683030076
194349
2135490589
194349
2134638621
194498
1683030076
194647
2135490589
194647
2134638621
194796
1683030076
194945
2135490589
194945
2134638621
195094
1683030076
195243
1682767963
195318
1682767963
195392
1682767963
195535
1682767963
195677
1682767963
195825
1682767963
195973
1682767963
196121
1682767963
196416
1682767963
196564
1682767963
196712
1682767963
196860
2135490589
196860
2134638621
196860
1682964573
197018
2135490589
197018
2134638621
197018
1682833500
197176
1682833500
197492
1682767963
197492
1682833500
197650
2135490589
197650
2134638621
197729
2135490589
197729
2134638621
197808
2135490589
197808
2134638621
197808
1682833500
197887
2135490589
197887
2134638621
197966
2135490589
197966
2134638621
198045
2135490589
198045
2134638621
198124
2135490589
198124
2134638621
198124
1682833500
198282
2135490589
198282
2134638621
198440
1682833500
198756
1682767963
198756
1682833500
198915
2135490589
198915
2134638621
199074
1682767963
199074
1682833500
199232
1682767963
199391
2135490589
199391
2134638621
199391
1683030076
199549
2135490589
199549
2134638621
199549
1682833500
199708
1682964573
199866
2135490589
199866
2134638621
200025
1682767963
200025
1682964573
200182
1682767963
200339
2135490589
200339
2134638621
200339
1682964573
200417
2135490589
200417
2134638621
200495
2135490589
200495
2134638621
200574
2135490589
200574
2134638621
200652
2135490589
200652
2134638621
200652
1682964573
200809
2135490589
200809
2134638621
200966
2135490589
200966
2134638621
200966
1682964573
201123
2135490589
201123
2134638621
201279
1682767963
201279
1682964573
201436
2135490589
201436
2134638621
201593
1682767963
201593
1682964573
201750
1682767963
201907
2135490589
201907
2134638621
201907
1683030076
202067
2135490589
202067
2134638621
202067
1682833500
202228
1682833500
202549
1682767963
202549
1682833500
202703
2135490589
202703
2134638621
202781
2135490589
202781
2134638621
202858
2135490589
202858
2134638621
202858
1682833500
202935
2135490589
202935
2134638621
203013
2135490589
203013
2134638621
203090
2135490589
203090
2134638621
203167
2135490589
203167
2134638621
203167
1682833500
203322
2135490589
203322
2134638621
203477
1682833500
203786
1682767963
203786
1682833500
203941
2135490589
203941
2134638621
204095
1682767963
204095
1682833500
204250
1682767963
204405
2135490589
204405
2134638621
204405
1683030076
204559
2135490589
204559
2134638621
204559
1682833500
204714
1682833500
204868
2135490589
204868
2134638621
205023
1682767963
205023
1682833500
205177
2135490589
205177
2134638621
205332
1682767963
205332
1682833500
205486
1682767963
205563
1682767963
205640
2135490589
205640
2134638621
205640
1682767963
205717
1682767963
205794
1682767963
205871
1682767963
205948
2135490589
205948
2134638621
205948
1681850426
205948
1682702394
206025
1681850426
206025
1682702394
206102
1681850426
206102
1682702394
206179
1681850426
206179
1682702394
206256
2135490589
206256
2134638621
206256
1682636859
206256
1681784891
206333
1682636859
206333
1681784891
206410
1682636859
206410
1681784891
206487
1682636859
206487
1681784891
206564
2135490589
206564
2134638621
206564
2135556125
206564
2134704157
206641
2135556125
206641
2134704157
206718
2135556125
206718
2134704157
206795
2135556125
206795
2134704157
206872
2135490589
206872
2134638621
206872
1682964573
207029
2135490589
207029
2134638621
207029
1682833500
207187
1682833500
207501
1682767963
207501
1682833500
207657
2135490589
207657
2134638621
207735
2135490589
207735
2134638621
207813
2135490589
207813
2134638621
207813
1682833500
207891
2135490589
207891
2134638621
207969
2135490589
207969
2134638621
208047
2135490589
208047
2134638621
208125
2135490589
208125
2134638621
208125
1682833500
208280
2135490589
208280
2134638621
208436
1682833500
208748
1682767963
208748
1682833500
208904
2135490589
208904
2134638621
209059
1682767963
209059
1682833500
209214
1682767963
209370
2135490589
209370
2134638621
209370
1683030076
209525
2135490589
209525
2134638621
209525
1682833500
209682
1683030076
209837
2135490589
209837
2134638621
209993
1682767963
209993
1683030076
210147
1682767963
210301
2135490589
210301
2134638621
210301
1683030076
210378
2135490589
210378
2134638621
210455
2135490589
210455
2134638621
210532
2135490589
210532
2134638621
210609
2135490589
210609
2134638621
210609
1683030076
210763
2135490589
210763
2134638621
210917
2135490589
210917
2134638621
210917
1683030076
211072
2135490589
211072
2134638621
211226
1682767963
211226
1683030076
211379
2135490589
211379
2134638621
211532
1682767963
211532
1683030076
211686
1682767963
211839
2135490589
211839
2134638621
211839
1683030076
211996
2135490589
211996
2134638621
211996
1682833500
212153
1682833500
212467
1682767963
212467
1682833500
212628
2135490589
212628
2134638621
212708
2135490589
212708
2134638621
212789
2135490589
212789
2134638621
212789
1682833500
212865
2135490589
212865
2134638621
212942
2135490589
212942
2134638621
213018
2135490589
213018
2134638621
213095
2135490589
213095
2134638621
213095
1682833500
213247
2135490589
213247
2134638621
213400
1682833500
213706
1682767963
213706
1682833500
213859
2135490589
213859
2134638621
214012
1682767963
214012
1682833500
214165
1682767963
214318
2135490589
214318
2134638621
214318
1683030076
214473
2135490589
214473
2134638621
214473
1682833500
214629
1682833500
214784
2135490589
214784
2134638621
214940
1682767963
214940
1682833500
215090
2135490589
215090
2134638621
215241
1682767963
215241
1682833500
215391
2135490589
215391
2134638621
215542
2135490589
215542
2134638621
215542
1682767963
215618
1682767963
215693
1682767963
215769
1682767963
215844
2135490589
215844
2134638621
215844
1681850426
215844
1682702394
215919
1681850426
215919
1682702394
215995
1681850426
215995
1682702394
216070
1681850426
216070
1682702394
216145
1682636859
216145
1681784891
216221
1682636859
216221
1681784891
216296
2135490589
216296
2134638621
216371
2135490589
216371
2134638621
216447
1682767963
216522
1682767963
216597
1682767963
216673
1682767963
216748
2135490589
216748
2134638621
216748
1683030076
216909
2135490589
216909
2134638621
217071
2135490589
217071
2134638621
217071
1683030076
217151
2135490589
217151
2134638621
217313
2135490589
217313
2134638621
217393
1682767963
217393
1683030076
217554
2135490589
217554
2134638621
217716
1683030076
217877
2135490589
217877
2134638621
218038
2135490589
218038
2134638621
218038
1682767963
218038
1683030076
218280
2135490589
218280
2134638621
218361
1683030076
218522
2135490589
218522
2134638621
218683
1682767963
218683
1683030076
218834
2135490589
218834
2134638621
218986
1682767963
219061
1682767963
219137
1682767963
219213
1682767963
219288
2135490589
219288
2134638621
219288
1683030076
219440
2135490589
219440
2134638621
219593
2135490589
219593
2134638621
219593
1683030076
219674
2135490589
219674
2134638621
219836
2135490589
219836
2134638621
219916
1682767963
219916
1683030076
220077
2135490589
220077
2134638621
220239
1683030076
220401
2135490589
220401
2134638621
220562
2135490589
220562
2134638621
220562
1682767963
220562
1683030076
220804
2135490589
220804
2134638621
220885
1683030076
221047
2135490589
221047
2134638621
221208
1682767963
221208
1683030076
221382
2135490589
221382
2134638621
221557
1682767963
221628
1682767963
221699
1682767963
221770
1682767963
221840
2135490589
221840
2134638621
221840
1683030076
221999
2135490589
221999
2134638621
222158
2135490589
222158
2134638621
222158
1683030076
222237
2135490589
222237
2134638621
222396
2135490589
222396
2134638621
222475
1682767963
222475
1683030076
222634
2135490589
222634
2134638621
222793
1683030076
222952
2135490589
222952
2134638621
223110
2135490589
223110
2134638621
223110
1682767963
223110
1683030076
223350
2135490589
223350
2134638621
223430
1683030076
223590
2135490589
223590
2134638621
223749
1682767963
223749
1683030076
223909
2135490589
223909
2134638621
224069
1682767963
224140
1682767963
224213
1682767963
224285
1682767963
224356
2135490589
224356
2134638621
224356
1683030076
224525
2135490589
224525
2134638621
224695
2135490589
224695
2134638621
224695
1683030076
224779
2135490589
224779
2134638621
224949
2135490589
224949
2134638621
225033
1682767963
225033
1683030076
225185
2135490589
225185
2134638621
225185
1682833500
225491
2135490589
225491
2134638621
225491
1683030076
225643
2135490589
225643
2134638621
225643
1682833500
226001
2135490589
226001
2134638621
226001
1683030076
226180
2135490589
226180
2134638621
226180
1682833500
226538
2135490589
226538
2134638621
226538
1683030076
226717
1682767963
226870
2135490589
226870
2134638621
226946
2135490589
226946
2134638621
227022
2135490589
227022
2134638621
227022
1682767963
227022
1683030076
227101
2135490589
227101
2134638621
227180
2135490589
227180
2134638621
227180
1682964573
227258
2135490589
227258
2134638621
227337
2135490589
227337
2134638621
227337
1682767963
227337
1682964573
227415
2135490589
227415
2134638621
227494
2135490589
227494
2134638621
227494
1682964573
227572
2135490589
227572
2134638621
227651
2135490589
227651
2134638621
227651
1682767963
227651
1682964573
227730
2135490589
227730
2134638621
227808
2135490589
227808
2134638621
227808
1682964573
227887
2135490589
227887
2134638621
227966
2135490589
227966
2134638621
227966
1682767963
227966
1682964573
228045
2135490589
228045
2134638621
228124
2135490589
228124
2134638621
228124
1682964573
228202
2135490589
228202
2134638621
228282
2135490589
228282
2134638621
228282
1682767963
228282
1682964573
228361
2135490589
228361
2134638621
228439
2135490589
228439
2134638621
228439
1682964573
228518
2135490589
228518
2134638621
228597
2135490589
228597
2134638621
228597
1682767963
228597
1682964573
228675
2135490589
228675
2134638621
228755
2135490589
228755
2134638621
228755
1682964573
228833
2135490589
228833
2134638621
228912
2135490589
228912
2134638621
228912
1682767963
228912
1682964573
228992
2135490589
228992
2134638621
229070
2135490589
229070
2134638621
229070
1682964573
229149
2135490589
229149
2134638621
229228
2135490589
229228
2134638621
229228
1682767963
229228
1682964573
229306
2135490589
229306
2134638621
229386
2135490589
229386
2134638621
229386
1682964573
229464
2135490589
229464
2134638621
229543
2135490589
229543
2134638621
229543
1682767963
229543
1682964573
229622
2135490589
229622
2134638621
229700
2135490589
229700
2134638621
229700
1682964573
229780
2135490589
229780
2134638621
229859
2135490589
229859
2134638621
229859
1682767963
229859
1682964573
229937
2135490589
229937
2134638621
230016
2135490589
230016
2134638621
230016
1682964573
230095
2135490589
230095
2134638621
230174
2135490589
230174
2134638621
230174
1682767963
230174
1682964573
230253
2135490589
230253
2134638621
230332
2135490589
230332
2134638621
230332
1682964573
230411
2135490589
230411
2134638621
230490
2135490589
230490
2134638621
230490
1682767963
230490
1682964573
230568
2135490589
230568
2134638621
230648
2135490589
230648
2134638621
230648
1682964573
230726
2135490589
230726
2134638621
230806
2135490589
230806
2134638621
230806
1682767963
230806
1682964573
230885
2135490589
230885
2134638621
230963
2135490589
230963
2134638621
230963
1682964573
231042
2135490589
231042
2134638621
231121
2135490589
231121
2134638621
231121
1682767963
231121
1682964573
231200
2135490589
231200
2134638621
231279
2135490589
231279
2134638621
231279
1682964573
231357
2135490589
231357
2134638621
231437
2135490589
231437
2134638621
231437
1682767963
231437
1682964573
231516
2135490589
231516
2134638621
231594
2135490589
231594
2134638621
231594
1682964573
231673
2135490589
231673
2134638621
231752
2135490589
231752
2134638621
231752
1682767963
231752
1682964573
231831
2135490589
231831
2134638621
231910
2135490589
231910
2134638621
231910
1682964573
231989
2135490589
231989
2134638621
232068
2135490589
232068
2134638621
232068
1682767963
232068
1682964573
232147
2135490589
232147
2134638621
232225
2135490589
232225
2134638621
232225
1682964573
232304
2135490589
232304
2134638621
232384
2135490589
232384
2134638621
232384
1682767963
232384
1682964573
232462
2135490589
232462
2134638621
232541
2135490589
232541
2134638621
232541
1682964573
232619
2135490589
232619
2134638621
232699
2135490589
232699
2134638621
232699
1682767963
232699
1682964573
232778
2135490589
232778
2134638621
232856
2135490589
232856
2134638621
232856
1682964573
232935
2135490589
232935
2134638621
233014
2135490589
233014
2134638621
233014
1682767963
233014
1682964573
233092
2135490589
233092
2134638621
233171
2135490589
233171
2134638621
233171
1682964573
233249
2135490589
233249
2134638621
233329
2135490589
233329
2134638621
233329
1682767963
233329
1682964573
233408
2135490589
233408
2134638621
233486
2135490589
233486
2134638621
233486
1682964573
233565
2135490589
233565
2134638621
233644
2135490589
233644
2134638621
233644
1682767963
233644
1682964573
233722
2135490589
233722
2134638621
233802
2135490589
233802
2134638621
233802
1682964573
233881
2135490589
233881
2134638621
233961
2135490589
233961
2134638621
233961
1682767963
233961
1682964573
234040
2135490589
234040
2134638621
234119
2135490589
234119
2134638621
234119
1682964573
234198
2135490589
234198
2134638621
234278
2135490589
234278
2134638621
234278
1682767963
234278
1682964573
234357
2135490589
234357
2134638621
234437
2135490589
234437
2134638621
234437
1682964573
234515
2135490589
234515
2134638621
234595
2135490589
234595
2134638621
234595
1682767963
234595
1682964573
234675
2135490589
234675
2134638621
234753
2135490589
234753
2134638621
234753
1682964573
234833
2135490589
234833
2134638621
234912
2135490589
234912
2134638621
234912
1682767963
234912
1682964573
234991
2135490589
234991
2134638621
235072
2135490589
235072
2134638621
235072
1682964573
235151
2135490589
235151
2134638621
235231
2135490589
235231
2134638621
235231
1682767963
235231
1682964573
235311
2135490589
235311
2134638621
235390
2135490589
235390
2134638621
235390
1682964573
235470
2135490589
235470
2134638621
235550
1682767963
235550
1683030076
235709
1682767963
235789
1682767963
235868
2135490589
235868
2134638621
235868
1682767963
235948
1682767963
236028
1682767963
236107
1682767963
236187
2135490589
236187
2134638621
236187
1682767963
236265
1682767963
236342
1682767963
236420
1682767963
236498
2135490589
236498
2134638621
236498
1682767963
236576
1682767963
236653
1682767963
236731
1682767963
236809
2135490589
236809
2134638621
236809
1682767963
236884
1682767963
236960
1682767963
237035
1682767963
237111
2135490589
237111
2134638621
237111
1683030076
237265
2135490589
237265
2134638621
237265
1682833500
237420
2135490589
237420
2134638621
237420
1683030076
237574
2135490589
237574
2134638621
237729
1682767963
237729
1683030076
237883
1682767963
238038
2135490589
238038
2134638621
238038
1683030076
238192
2135490589
238192
2134638621
238347
2135490589
238347
2134638621
238347
1683030076
238501
2135490589
238501
2134638621
238656
1683030076
238810
2135490589
238810
2134638621
238965
1682767963
238965
1683030076
239120
2135490589
239120
2134638621
239274
1683030076
239428
2135490589
239428
2134638621
239583
1683030076
239737
2135490589
239737
2134638621
239892
1683030076
240047
2135490589
240047
2134638621
240201
1682767963
240201
1683030076
240351
1682767963
240501
2135490589
240501
2134638621
240501
1683030076
240652
2135490589
240652
2134638621
240652
1682833500
240801
2135490589
240801
2134638621
240801
1683030076
240951
2135490589
240951
2134638621
240951
1682833500
241101
1683030076
241251
2135490589
241251
2134638621
241402
1682767963
241402
1683030076
241552
2135490589
241552
2134638621
241702
1683030076
241852
2135490589
241852
2134638621
242002
1683030076
242164
2135490589
242164
2134638621
242326
1683030076
242488
2135490589
242488
2134638621
242650
1682767963
242650
1683030076
242799
1682767963
242950
2135490589
242950
2134638621
242950
1683030076
243100
2135490589
243100
2134638621
243100
1682833500
243249
2135490589
243249
2134638621
243249
1683030076
243399
2135490589
243399
2134638621
243399
1682833500
243548
1683030076
243698
2135490589
243698
2134638621
243848
1682767963
243848
1683030076
243997
2135490589
243997
2134638621
244146
1683030076
244295
2135490589
244295
2134638621
244444
1683030076
244594
2135490589
244594
2134638621
244742
1683030076
244890
2135490589
244890
2134638621
245039
1683030076
245188
2135490589
245188
2134638621
245263
2135490589
245263
2134638621
245337
1682767963
245371
1682767963
245491
1682767963
245644
1682767963
245798
1682767963
245951
1682767963
246105
2135490589
246105
2134638621
246105
1682833500
246411
2135490589
246411
2134638621
246411
1682833500
246718
2135490589
246718
2134638621
246718
1682833500
247025
2135490589
247025
2134638621
247025
1683030076
247332
2135490589
247332
2134638621
247485
1682767963
247485
1683030076
247634
1682767963
247783
2135490589
247783
2134638621
247783
1683030076
247932
2135490589
247932
2134638621
247932
1682833500
248081
2135490589
248081
2134638621
248081
1683030076
248233
2135490589
248233
2134638621
248233
1682833500
248386
1683030076
248538
2135490589
248538
2134638621
248691
1682767963
248691
1683030076
248843
2135490589
248843
2134638621
248996
1683030076
249149
2135490589
249149
2134638621
249301
1683030076
249452
2135490589
249452
2134638621
249601
1683030076
249752
2135490589
249752
2134638621
249901
1682767963
249901
1683030076
250051
1682767963
250201
2135490589
250201
2134638621
250201
1683030076
250355
2135490589
250355
2134638621
250506
2135490589
250506
2134638621
250506
1683030076
250659
2135490589
250659
2134638621
250811
1683030076
250963
2135490589
250963
2134638621
251116
1682767963
251116
1683030076
251268
2135490589
251268
2134638621
251422
1683030076
251575
2135490589
251575
2134638621
251727
1683030076
251881
2135490589
251881
2134638621
252033
1683030076
252185
2135490589
252185
2134638621
252339
1682767963
252339
1683030076
252489
1682767963
252640
2135490589
252640
2134638621
252640
1683030076
252791
2135490589
252791
2134638621
252941
2135490589
252941
2134638621
252941
1683030076
253091
2135490589
253091
2134638621
253242
1683030076
253392
2135490589
253392
2134638621
253543
1682767963
253543
1683030076
253689
2135490589
253689
2134638621
253835
1683030076
253980
2135490589
253980
2134638621
254126
1683030076
254272
2135490589
254272
2134638621
254418
1683030076
254564
2135490589
254564
2134638621
254710
1683030076
254856
1682767963
254930
1682767963
255002
1682767963
255153
1682767963
255303
1682767963
255467
1682767963
255630
1682767963
255783
2135490589
255783
2134638621
255783
1683030076
256097
2135490589
256097
2134638621
256097
1683030076
256421
1682767963
256421
1682833500
