3224
2135490589
3224
2134638621
3224
1682767963
3224
1683030076
3309
2135490589
3309
2134638621
3395
2135490589
3395
2134638621
3480
2135490589
3480
2134638621
3480
1682833500
3566
2135490589
3566
2134638621
3651
2135490589
3651
2134638621
3737
1682767963
3737
1682833500
3993
2135490589
3993
2134638621
3993
1682833500
4250
2135490589
4250
2134638621
4250
1682767963
4250
1682833500
4335
2135490589
4335
2134638621
4421
2135490589
4421
2134638621
4506
2135490589
4506
2134638621
4506
1682833500
4592
2135490589
4592
2134638621
4676
2135490589
4676
2134638621
4762
1682767963
4762
1682833500
5018
2135490589
5018
2134638621
5018
1682833500
5275
2135490589
5275
2134638621
5275
1682767963
5275
1682833500
5360
2135490589
5360
2134638621
5447
2135490589
5447
2134638621
5532
2135490589
5532
2134638621
5532
1682833500
5618
2135490589
5618
2134638621
5702
2135490589
5702
2134638621
5788
1682767963
5788
1682833500
6044
2135490589
6044
2134638621
6044
1682833500
6301
2135490589
6301
2134638621
6301
1682767963
6301
1682833500
6386
2135490589
6386
2134638621
6472
2135490589
6472
2134638621
6557
2135490589
6557
2134638621
6557
1682833500
6643
2135490589
6643
2134638621
6728
2135490589
6728
2134638621
6814
2135490589
6814
2134638621
6814
1682767963
6814
1682833500
6899
2135490589
6899
2134638621
6985
2135490589
6985
2134638621
7070
2135490589
7070
2134638621
7070
1682833500
7156
2135490589
7156
2134638621
7241
2135490589
7241
2134638621
7327
2135490589
7327
2134638621
7327
1682767963
7327
1682833500
7412
2135490589
7412
2134638621
7498
2135490589
7498
2134638621
7583
2135490589
7583
2134638621
7583
1682833500
7669
2135490589
7669
2134638621
7753
2135490589
7753
2134638621
7839
1682767963
7839
1682833500
8095
2135490589
8095
2134638621
8095
1682833500
8352
2135490589
8352
2134638621
8352
1682767963
8352
1682833500
8437
2135490589
8437
2134638621
8523
2135490589
8523
2134638621
8609
2135490589
8609
2134638621
8609
1682833500
8695
2135490589
8695
2134638621
8779
2135490589
8779
2134638621
8865
1682767963
8865
1682833500
9121
2135490589
9121
2134638621
9121
1682833500
9378
2135490589
9378
2134638621
9378
1682767963
9378
1682833500
9463
2135490589
9463
2134638621
9549
2135490589
9549
2134638621
9634
2135490589
9634
2134638621
9634
1682833500
9720
2135490589
9720
2134638621
9805
2135490589
9805
2134638621
9891
1682767963
9891
1682833500
10147
2135490589
10147
2134638621
10147
1682833500
10403
2135490589
10403
2134638621
10403
1682767963
10403
1682833500
10489
2135490589
10489
2134638621
10575
2135490589
10575
2134638621
10660
2135490589
10660
2134638621
10660
1682833500
10746
2135490589
10746
2134638621
10830
2135490589
10830
2134638621
10916
2135490589
10916
2134638621
10916
1682767963
10916
1682833500
11001
2135490589
11001
2134638621
11088
2135490589
11088
2134638621
11172
2135490589
11172
2134638621
11172
1682833500
11259
2135490589
11259
2134638621
11343
2135490589
11343
2134638621
11429
2135490589
11429
2134638621
11429
1682767963
11429
1682833500
11514
2135490589
11514
2134638621
11600
2135490589
11600
2134638621
11685
2135490589
11685
2134638621
11685
1682833500
11772
2135490589
11772
2134638621
11856
2135490589
11856
2134638621
11942
1682767963
11942
1682833500
12198
2135490589
12198
2134638621
12198
1682833500
12455
2135490589
12455
2134638621
12455
1682767963
12455
1682833500
12540
2135490589
12540
2134638621
12626
2135490589
12626
2134638621
12711
2135490589
12711
2134638621
12711
1682833500
12797
2135490589
12797
2134638621
12881
2135490589
12881
2134638621
12968
1682767963
12968
1682833500
13223
2135490589
13223
2134638621
13223
1682833500
13480
2135490589
13480
2134638621
13480
1682767963
13480
1682833500
13566
2135490589
13566
2134638621
13652
2135490589
13652
2134638621
13737
2135490589
13737
2134638621
13737
1682833500
13823
2135490589
13823
2134638621
13907
2135490589
13907
2134638621
13993
1682767963
13993
1682833500
14249
2135490589
14249
2134638621
14249
1682833500
14506
2135490589
14506
2134638621
14506
1682767963
14506
1682833500
14591
2135490589
14591
2134638621
14677
2135490589
14677
2134638621
14762
2135490589
14762
2134638621
14762
1682833500
14849
2135490589
14849
2134638621
14933
2135490589
14933
2134638621
15019
2135490589
15019
2134638621
15019
1682767963
15019
1682833500
15104
2135490589
15104
2134638621
15190
2135490589
15190
2134638621
15275
2135490589
15275
2134638621
15275
1682833500
15361
2135490589
15361
2134638621
15446
2135490589
15446
2134638621
15532
2135490589
15532
2134638621
15532
1682767963
15532
1682833500
15617
2135490589
15617
2134638621
15703
2135490589
15703
2134638621
15788
2135490589
15788
2134638621
15788
1682833500
15874
2135490589
15874
2134638621
15958
2135490589
15958
2134638621
16044
1682767963
16044
1682833500
16300
2135490589
16300
2134638621
16300
1682833500
16557
2135490589
16557
2134638621
16557
1682767963
16557
1682833500
16642
2135490589
16642
2134638621
16729
2135490589
16729
2134638621
16814
2135490589
16814
2134638621
16814
1682833500
16900
2135490589
16900
2134638621
16984
2135490589
16984
2134638621
17070
1682767963
17070
1682833500
17326
2135490589
17326
2134638621
17326
1682833500
17583
2135490589
17583
2134638621
17583
1682767963
17583
1682833500
17668
2135490589
17668
2134638621
17754
2135490589
17754
2134638621
17839
2135490589
17839
2134638621
17839
1682833500
17926
2135490589
17926
2134638621
18010
2135490589
18010
2134638621
18096
1682767963
18096
1682833500
18352
2135490589
18352
2134638621
18352
1682833500
18609
2135490589
18609
2134638621
18609
1683030076
19121
2135490589
19121
2134638621
19121
1682964573
19634
2135490589
19634
2134638621
19634
1682833500
19634
1683030076
19719
2135490589
19719
2134638621
19806
2135490589
19806
2134638621
19891
2135490589
19891
2134638621
19977
2135490589
19977
2134638621
20061
2135490589
20061
2134638621
20147
1682767963
20147
1683030076
20403
2135490589
20403
2134638621
20660
2135490589
20660
2134638621
20660
1682833500
20745
2135490589
20745
2134638621
20831
2135490589
20831
2134638621
20916
2135490589
20916
2134638621
20916
1682833500
21002
2135490589
21002
2134638621
21087
2135490589
21087
2134638621
21173
1682767963
21173
1682833500
21429
2135490589
21429
2134638621
21429
1682833500
21686
2135490589
21686
2134638621
21686
1682833500
21771
2135490589
21771
2134638621
21857
2135490589
21857
2134638621
21942
2135490589
21942
2134638621
21942
1682833500
22028
2135490589
22028
2134638621
22112
2135490589
22112
2134638621
22198
1682767963
22198
1682833500
22454
2135490589
22454
2134638621
22454
1682833500
22711
2135490589
22711
2134638621
22711
1682833500
22796
2135490589
22796
2134638621
22882
2135490589
22882
2134638621
22968
2135490589
22968
2134638621
22968
1682833500
23054
2135490589
23054
2134638621
23138
2135490589
23138
2134638621
23224
2135490589
23224
2134638621
23224
1682767963
23224
1682833500
23309
2135490589
23309
2134638621
23395
2135490589
23395
2134638621
23480
2135490589
23480
2134638621
23480
1682833500
23567
2135490589
23567
2134638621
23651
2135490589
23651
2134638621
23737
2135490589
23737
2134638621
23737
1682833500
23822
2135490589
23822
2134638621
23909
2135490589
23909
2134638621
23994
2135490589
23994
2134638621
23994
1682833500
24080
2135490589
24080
2134638621
24164
2135490589
24164
2134638621
24250
1682767963
24250
1682833500
24506
2135490589
24506
2134638621
24506
1682833500
24762
2135490589
24762
2134638621
24762
1682833500
24847
2135490589
24847
2134638621
24933
2135490589
24933
2134638621
25018
2135490589
25018
2134638621
25018
1682833500
25104
2135490589
25104
2134638621
25189
2135490589
25189
2134638621
25275
1682767963
25275
1682833500
25531
2135490589
25531
2134638621
25531
1682833500
25788
2135490589
25788
2134638621
25788
1682833500
25873
2135490589
25873
2134638621
25959
2135490589
25959
2134638621
26044
2135490589
26044
2134638621
26044
1682833500
26131
2135490589
26131
2134638621
26215
2135490589
26215
2134638621
26301
1682767963
26301
1682833500
26557
2135490589
26557
2134638621
26557
1682833500
26814
2135490589
26814
2134638621
26814
1683030076
26899
2135490589
26899
2134638621
26985
2135490589
26985
2134638621
27071
2135490589
27071
2134638621
27157
2135490589
27157
2134638621
27241
2135490589
27241
2134638621
27327
1682767963
27327
1682964573
27583
2135490589
27583
2134638621
27839
2135490589
27839
2134638621
27839
1683030076
27924
2135490589
27924
2134638621
28011
2135490589
28011
2134638621
28096
2135490589
28096
2134638621
28182
2135490589
28182
2134638621
28266
2135490589
28266
2134638621
28352
1682767963
28352
1683030076
28608
2135490589
28608
2134638621
28865
2135490589
28865
2134638621
28865
1682833500
28950
2135490589
28950
2134638621
29036
2135490589
29036
2134638621
29121
2135490589
29121
2134638621
29121
1682833500
29207
2135490589
29207
2134638621
29292
2135490589
29292
2134638621
29378
1682767963
29378
1682833500
29634
2135490589
29634
2134638621
29634
1682833500
29891
2135490589
29891
2134638621
29891
1682833500
29976
2135490589
29976
2134638621
30062
2135490589
30062
2134638621
30147
2135490589
30147
2134638621
30147
1682833500
30233
2135490589
30233
2134638621
30317
2135490589
30317
2134638621
30403
1682767963
30403
1682833500
30659
2135490589
30659
2134638621
30659
1682833500
30916
2135490589
30916
2134638621
30916
1682833500
31001
2135490589
31001
2134638621
31087
2135490589
31087
2134638621
31173
2135490589
31173
2134638621
31173
1682833500
31259
2135490589
31259
2134638621
31343
2135490589
31343
2134638621
31429
2135490589
31429
2134638621
31429
1682767963
31429
1682833500
31514
2135490589
31514
2134638621
31600
2135490589
31600
2134638621
31685
2135490589
31685
2134638621
31685
1682833500
31772
2135490589
31772
2134638621
31856
2135490589
31856
2134638621
31942
2135490589
31942
2134638621
31942
1682833500
32027
2135490589
32027
2134638621
32114
2135490589
32114
2134638621
32199
2135490589
32199
2134638621
32199
1682833500
32285
2135490589
32285
2134638621
32369
2135490589
32369
2134638621
32455
1682767963
32455
1682833500
32711
2135490589
32711
2134638621
32711
1682833500
32968
2135490589
32968
2134638621
32968
1682833500
33053
2135490589
33053
2134638621
33138
2135490589
33138
2134638621
33223
2135490589
33223
2134638621
33223
1682833500
33309
2135490589
33309
2134638621
33394
2135490589
33394
2134638621
33480
1682767963
33480
1682833500
33736
2135490589
33736
2134638621
33736
1682833500
33993
2135490589
33993
2134638621
33993
1682833500
34078
2135490589
34078
2134638621
34164
2135490589
34164
2134638621
34249
2135490589
34249
2134638621
34249
1682833500
34336
2135490589
34336
2134638621
34420
2135490589
34420
2134638621
34506
1682767963
34506
1682833500
34762
1682767963
34827
1682767963
34891
1682767963
35019
1682767963
35147
1682767963
35275
1682767963
35403
1682767963
35532
1682767963
35660
1682767963
35788
1682636859
35788
1681784891
36044
2135490589
36044
2134638621
36044
1683030076
36173
2135490589
36173
2134638621
36301
2135490589
36301
2134638621
36301
1682767963
36301
1682833500
36429
2135490589
36429
2134638621
36557
2135490589
36557
2134638621
36557
1682833500
36686
2135490589
36686
2134638621
36814
2135490589
36814
2134638621
36814
1682767963
36814
1682833500
36942
2135490589
36942
2134638621
37070
2135490589
37070
2134638621
37070
1682833500
37198
2135490589
37198
2134638621
37327
2135490589
37327
2134638621
37327
1682767963
37327
1682833500
37455
2135490589
37455
2134638621
37583
2135490589
37583
2134638621
37583
1682833500
37712
2135490589
37712
2134638621
37840
2135490589
37840
2134638621
37840
1682767963
37840
1682833500
37968
2135490589
37968
2134638621
38096
2135490589
38096
2134638621
38096
1682833500
38224
2135490589
38224
2134638621
38353
2135490589
38353
2134638621
38353
1682767963
38353
1682833500
38481
2135490589
38481
2134638621
38609
2135490589
38609
2134638621
38609
1682833500
38738
2135490589
38738
2134638621
38865
2135490589
38865
2134638621
38865
1682767963
38865
1682833500
38993
2135490589
38993
2134638621
39121
2135490589
39121
2134638621
39121
1682833500
39249
2135490589
39249
2134638621
39249
1682767963
39378
2135490589
39378
2134638621
39378
1682833500
39506
2135490589
39506
2134638621
39634
2135490589
39634
2134638621
39634
1682833500
39634
1682636859
39634
1681784891
39763
2135490589
39763
2134638621
39891
2135490589
39891
2134638621
39891
1682833500
40019
2135490589
40019
2134638621
40019
2135556125
40019
2134704157
40147
2135490589
40147
2134638621
40147
1682833500
40275
2135490589
40275
2134638621
40404
2135490589
40404
2134638621
40404
1682767963
40404
1683030076
40532
2135490589
40532
2134638621
40660
2135490589
40660
2134638621
40660
1682833500
40789
2135490589
40789
2134638621
40917
2135490589
40917
2134638621
40917
1682767963
40917
1682833500
41045
2135490589
41045
2134638621
41173
2135490589
41173
2134638621
41173
1682833500
41301
2135490589
41301
2134638621
41430
2135490589
41430
2134638621
41430
1682767963
41430
1682833500
41558
2135490589
41558
2134638621
41685
2135490589
41685
2134638621
41685
1682833500
41814
2135490589
41814
2134638621
41942
2135490589
41942
2134638621
41942
1682767963
41942
1682833500
42070
2135490589
42070
2134638621
42198
2135490589
42198
2134638621
42198
1682833500
42326
2135490589
42326
2134638621
42455
2135490589
42455
2134638621
42455
1682767963
42455
1682833500
42583
2135490589
42583
2134638621
42711
2135490589
42711
2134638621
42711
1682833500
42840
2135490589
42840
2134638621
42968
2135490589
42968
2134638621
42968
1682767963
42968
1682833500
43096
2135490589
43096
2134638621
43224
2135490589
43224
2134638621
43224
1682833500
43352
2135490589
43352
2134638621
43352
1682767963
43481
2135490589
43481
2134638621
43481
1682767963
43609
2135490589
43609
2134638621
43737
2135490589
43737
2134638621
43737
1682767963
43865
2135490589
43865
2134638621
43865
1682767963
43993
2135490589
43993
2134638621
43993
1682767963
44121
2135490589
44121
2134638621
44121
1682767963
44250
2135490589
44250
2134638621
44250
1683030076
44506
1682964573
44762
1682767963
44762
1682964573
45019
1682964573
45275
2135490589
45275
2134638621
45275
1682833500
45275
1682964573
45532
1682964573
45788
1682767963
45788
1682964573
46044
1682964573
46301
2135490589
46301
2134638621
46301
1682833500
46301
1682964573
46557
1682964573
46814
1682767963
46814
1682964573
47070
1682964573
47327
2135490589
47327
2134638621
47327
1683030076
47583
1682964573
47839
1682767963
47839
1682964573
48096
2135490589
48096
2134638621
48096
1682833500
48096
1682964573
48352
2135490589
48352
2134638621
48352
1683030076
48609
1682964573
48865
1682767963
48865
1682964573
49122
1682964573
49378
2135490589
49378
2134638621
49378
1682833500
49378
1682964573
49635
1682964573
49891
1682767963
49891
1682964573
50147
1682964573
50403
2135490589
50403
2134638621
50403
1683030076
50659
1682964573
50916
1682767963
50916
1682964573
51172
1682964573
51429
2135490589
51429
2134638621
51429
1682833500
51429
1682964573
51685
2135490589
51685
2134638621
51685
1682964573
51942
1682767963
51942
1682964573
52199
2135490589
52199
2134638621
52199
1683030076
52455
2135490589
52455
2134638621
52455
1682833500
52455
1683030076
52540
2135490589
52540
2134638621
52627
2135490589
52627
2134638621
52712
2135490589
52712
2134638621
52798
2135490589
52798
2134638621
52882
2135490589
52882
2134638621
52968
1682767963
52968
1682833500
53223
2135490589
53223
2134638621
53223
1682833500
53480
2135490589
53480
2134638621
53480
1682833500
53565
2135490589
53565
2134638621
53651
2135490589
53651
2134638621
53736
2135490589
53736
2134638621
53736
1682833500
53822
2135490589
53822
2134638621
53907
2135490589
53907
2134638621
53993
1682767963
53993
1682833500
54249
2135490589
54249
2134638621
54249
1682833500
54506
2135490589
54506
2134638621
54506
1682833500
54591
2135490589
54591
2134638621
54677
2135490589
54677
2134638621
54762
2135490589
54762
2134638621
54762
1682833500
54849
2135490589
54849
2134638621
54933
2135490589
54933
2134638621
55019
1682767963
55019
1682833500
55275
2135490589
55275
2134638621
55275
1682833500
55532
2135490589
55532
2134638621
55532
1682833500
55617
2135490589
55617
2134638621
55703
2135490589
55703
2134638621
55789
2135490589
55789
2134638621
55789
1682833500
55875
2135490589
55875
2134638621
55958
2135490589
55958
2134638621
56044
2135490589
56044
2134638621
56044
1682767963
56044
1682833500
56129
2135490589
56129
2134638621
56215
2135490589
56215
2134638621
56300
2135490589
56300
2134638621
56300
1682833500
56387
2135490589
56387
2134638621
56471
2135490589
56471
2134638621
56557
2135490589
56557
2134638621
56557
1682833500
56642
2135490589
56642
2134638621
56729
2135490589
56729
2134638621
56814
2135490589
56814
2134638621
56814
1682833500
56900
2135490589
56900
2134638621
56984
2135490589
56984
2134638621
57070
1682767963
57070
1682833500
57327
2135490589
57327
2134638621
57327
1682833500
57583
2135490589
57583
2134638621
57583
1682833500
57668
2135490589
57668
2134638621
57754
2135490589
57754
2134638621
57839
2135490589
57839
2134638621
57839
1682833500
57925
2135490589
57925
2134638621
58010
2135490589
58010
2134638621
58096
1682767963
58096
1682833500
58352
2135490589
58352
2134638621
58352
1682833500
58609
2135490589
58609
2134638621
58609
1682833500
58694
2135490589
58694
2134638621
58779
2135490589
58779
2134638621
58864
2135490589
58864
2134638621
58864
1682833500
58951
2135490589
58951
2134638621
59035
2135490589
59035
2134638621
59121
1682767963
59121
1682833500
59377
2135490589
59377
2134638621
59634
2135490589
59634
2134638621
59634
1681850426
59634
1682702394
59719
2135490589
59719
2134638621
59719
1682636859
59719
1681784891
59805
2135490589
59805
2134638621
59891
2135490589
59891
2134638621
59977
2135490589
59977
2134638621
60061
2135490589
60061
2134638621
60147
2135490589
60147
2134638621
60147
1682767963
60147
1683030076
60232
2135490589
60232
2134638621
60318
2135490589
60318
2134638621
60403
2135490589
60403
2134638621
60489
2135490589
60489
2134638621
60574
2135490589
60574
2134638621
60660
2135490589
60660
2134638621
60660
1682833500
60660
1683030076
60745
2135490589
60745
2134638621
60832
2135490589
60832
2134638621
60917
2135490589
60917
2134638621
61003
2135490589
61003
2134638621
61087
2135490589
61087
2134638621
61173
1682767963
61173
1683030076
61429
2135490589
61429
2134638621
61685
2135490589
61685
2134638621
61685
1682833500
61770
2135490589
61770
2134638621
61856
2135490589
61856
2134638621
61941
2135490589
61941
2134638621
61941
1682833500
62027
2135490589
62027
2134638621
62112
2135490589
62112
2134638621
62198
1682767963
62198
1682833500
62454
2135490589
62454
2134638621
62454
1682833500
62711
2135490589
62711
2134638621
62711
1682833500
62796
2135490589
62796
2134638621
62882
2135490589
62882
2134638621
62968
2135490589
62968
2134638621
62968
1682833500
63054
2135490589
63054
2134638621
63138
2135490589
63138
2134638621
63224
1682767963
63224
1682833500
63480
2135490589
63480
2134638621
63480
1682833500
63737
2135490589
63737
2134638621
63737
1682833500
63822
2135490589
63822
2134638621
63908
2135490589
63908
2134638621
63994
2135490589
63994
2134638621
63994
1682833500
64080
2135490589
64080
2134638621
64164
2135490589
64164
2134638621
64250
2135490589
64250
2134638621
64250
1682767963
64250
1682833500
64335
2135490589
64335
2134638621
64421
2135490589
64421
2134638621
64505
2135490589
64505
2134638621
64505
1682833500
64592
2135490589
64592
2134638621
64676
2135490589
64676
2134638621
64762
2135490589
64762
2134638621
64762
1682833500
64847
2135490589
64847
2134638621
64934
2135490589
64934
2134638621
65019
2135490589
65019
2134638621
65019
1682833500
65105
2135490589
65105
2134638621
65189
2135490589
65189
2134638621
65275
1682767963
65275
1682833500
65531
2135490589
65531
2134638621
65531
1682833500
65788
2135490589
65788
2134638621
65788
1682833500
65873
2135490589
65873
2134638621
65958
2135490589
65958
2134638621
66043
2135490589
66043
2134638621
66043
1682833500
66130
2135490589
66130
2134638621
66215
2135490589
66215
2134638621
66301
1682767963
66301
1682833500
66557
2135490589
66557
2134638621
66557
1682833500
66814
2135490589
66814
2134638621
66814
1682833500
66899
2135490589
66899
2134638621
66985
2135490589
66985
2134638621
67070
2135490589
67070
2134638621
67070
1682833500
67157
2135490589
67157
2134638621
67241
2135490589
67241
2134638621
67326
1682767963
67326
1682833500
67583
1681850426
67583
1682702394
67647
1681850426
67647
1682702394
67711
1681850426
67711
1682702394
67775
1681850426
67775
1682702394
67839
1681850426
67839
1682702394
67968
1681850426
67968
1682702394
68096
1682636859
68096
1681784891
68160
1682636859
68160
1681784891
68224
1682636859
68224
1681784891
68288
1682636859
68288
1681784891
68352
1682636859
68352
1681784891
68480
1682636859
68480
1681784891
68609
2135556125
68609
2134704157
68737
2135556125
68737
2134704157
68865
2135490589
68865
2134638621
68865
1683030076
68994
2135490589
68994
2134638621
69122
2135490589
69122
2134638621
69122
1682767963
69122
1682833500
69250
2135490589
69250
2134638621
69378
2135490589
69378
2134638621
69378
1682833500
69507
2135490589
69507
2134638621
69635
2135490589
69635
2134638621
69635
1682767963
69635
1682833500
69763
2135490589
69763
2134638621
69891
2135490589
69891
2134638621
69891
1682833500
70019
2135490589
70019
2134638621
70148
2135490589
70148
2134638621
70148
1682767963
70148
1682833500
70275
2135490589
70275
2134638621
70403
2135490589
70403
2134638621
70403
1682833500
70532
2135490589
70532
2134638621
70660
2135490589
70660
2134638621
70660
1682767963
70660
1682833500
70788
2135490589
70788
2134638621
70916
2135490589
70916
2134638621
70916
1682833500
71044
2135490589
71044
2134638621
71173
2135490589
71173
2134638621
71173
1682767963
71173
1682833500
71301
2135490589
71301
2134638621
71429
2135490589
71429
2134638621
71429
1682833500
71558
2135490589
71558
2134638621
71558
1681850426
71558
1682702394
71685
2135490589
71685
2134638621
71685
1682833500
71814
2135490589
71814
2134638621
71942
2135490589
71942
2134638621
71942
1682767963
71942
1682833500
72070
2135490589
72070
2134638621
72199
2135490589
72199
2134638621
72199
1682833500
72327
2135490589
72327
2134638621
72327
1682636859
72327
1681784891
72455
2135490589
72455
2134638621
72455
1682833500
72584
2135490589
72584
2134638621
72712
2135490589
72712
2134638621
72712
1682767963
72712
1683030076
72840
2135490589
72840
2134638621
72968
2135490589
72968
2134638621
72968
1682833500
73095
2135490589
73095
2134638621
73224
2135490589
73224
2134638621
73224
1682767963
73224
1683030076
73352
2135490589
73352
2134638621
73480
2135490589
73480
2134638621
73480
1682833500
73609
2135490589
73609
2134638621
73737
2135490589
73737
2134638621
73737
1682767963
73737
1682833500
73865
2135490589
73865
2134638621
73993
2135490589
73993
2134638621
73993
1682833500
74121
2135490589
74121
2134638621
74251
2135490589
74251
2134638621
74251
1682767963
74251
1682833500
74379
2135490589
74379
2134638621
74506
2135490589
74506
2134638621
74506
1682833500
74635
2135490589
74635
2134638621
74763
2135490589
74763
2134638621
74763
1682767963
74763
1682833500
74891
2135490589
74891
2134638621
75019
2135490589
75019
2134638621
75019
1682833500
75147
2135490589
75147
2134638621
75276
2135490589
75276
2134638621
75276
1682767963
75276
1682833500
75404
2135490589
75404
2134638621
75532
2135490589
75532
2134638621
75532
1682833500
75661
2135490589
75661
2134638621
75661
1682767963
75789
2135490589
75789
2134638621
75789
1682767963
75916
2135490589
75916
2134638621
76044
2135490589
76044
2134638621
76044
1681850426
76044
1682702394
76172
2135490589
76172
2134638621
76172
1681850426
76172
1682702394
76301
2135490589
76301
2134638621
76301
1681850426
76301
1682702394
76429
2135490589
76429
2134638621
76429
1681850426
76429
1682702394
76557
2135490589
76557
2134638621
76557
1682767963
76685
2135490589
76685
2134638621
76685
1682767963
76813
2135490589
76813
2134638621
76813
1682636859
76813
1681784891
76941
2135490589
76941
2134638621
76941
1682636859
76941
1681784891
77070
2135490589
77070
2134638621
77070
1683030076
77326
1682964573
77583
1682767963
77583
1682964573
77840
1682964573
78096
2135490589
78096
2134638621
78096
1682833500
78096
1682964573
78353
1682964573
78609
1682767963
78609
1682964573
78864
1682964573
79121
2135490589
79121
2134638621
79121
1682833500
79121
1682964573
79377
1682964573
79634
1682767963
79634
1682964573
79890
1682964573
80147
2135490589
80147
2134638621
80147
1683030076
80403
1682964573
80660
1682767963
80660
1682964573
80917
2135490589
80917
2134638621
80917
1682833500
80917
1682964573
81173
2135490589
81173
2134638621
81173
1683030076
81430
1682964573
81685
1682767963
81685
1682964573
81942
1682964573
82198
2135490589
82198
2134638621
82198
1682833500
82198
1682964573
82455
1682964573
82711
1682767963
82711
1682964573
82968
1682964573
83224
2135490589
83224
2134638621
83224
1683030076
83480
1682964573
83737
1682767963
83737
1682964573
83993
1682964573
84250
2135490589
84250
2134638621
84250
1682833500
84250
1682964573
84505
1682964573
84634
2135490589
84634
2134638621
84762
1682767963
84762
1682964573
85019
2135490589
85019
2134638621
85019
1683030076
85275
2135490589
85275
2134638621
85275
1682833500
85275
1683030076
85788
1682833500
85916
1682833500
86044
1682833500
86173
1682833500
86301
1682833500
86429
1682833500
86557
1682833500
86686
1682833500
86814
1682833500
86942
1682833500
87070
1682833500
87199
1682833500
87326
2135490589
87326
2134638621
87326
1683030076
87454
1682833500
87582
1682833500
87711
1682833500
87839
1682833500
87967
1682833500
88095
1682833500
88224
1682833500
88352
1682833500
88480
1682833500
88608
1682833500
88737
1682833500
88865
1682833500
88993
1682833500
89121
1682833500
89250
1682833500
89378
2135490589
89378
2134638621
89378
1683030076
89506
1682833500
89634
1682833500
89763
1682833500
89891
1682833500
90019
1682833500
90146
1682833500
90275
1682833500
90403
1682833500
90531
1682833500
90659
1682833500
90788
1682833500
90916
1682833500
91044
1682833500
91172
1682833500
91301
1682833500
91429
2135490589
91429
2134638621
91429
1683030076
91557
1682833500
91685
1682833500
91814
1682833500
91942
1682833500
92070
1682833500
92198
1682833500
92327
1682833500
92455
2135490589
92455
2134638621
92455
1682964573
92583
1682833500
92711
1682833500
92840
1682833500
92968
2135490589
92968
2134638621
92968
1683030076
93095
1682833500
93223
1682833500
93480
2135490589
93480
2134638621
93480
1682833500
93480
1683030076
93993
1682833500
94121
1682833500
94249
1682833500
94378
1682833500
94506
1682833500
94634
1682833500
94762
1682833500
94891
1682833500
95019
1682833500
95147
1682833500
95275
1682833500
95404
1682833500
95532
2135490589
95532
2134638621
95532
1683030076
95660
1682833500
95788
1682833500
95916
1682833500
96044
1682833500
96172
1682833500
96300
1682833500
96429
1682833500
96557
1682833500
96685
1682833500
96813
1682833500
96942
1682833500
97070
1682833500
97198
1682833500
97326
1682833500
97455
1682833500
97583
2135490589
97583
2134638621
97583
1683030076
97711
1682833500
97839
1682833500
97968
1682833500
98096
1682833500
98224
1682833500
98351
1682833500
98480
1682833500
98609
1682833500
98736
1682833500
98864
1682833500
98993
1682833500
99121
1682833500
99249
1682833500
99377
1682833500
99506
1682833500
99634
2135490589
99634
2134638621
99634
1683030076
99762
1682833500
99890
1682833500
100019
1682833500
100147
1682833500
100275
1682833500
100403
1682833500
100532
1682833500
100660
2135490589
100660
2134638621
100660
1682964573
100788
1682833500
100916
1682833500
101045
1682833500
101173
2135490589
101173
2134638621
101173
1683030076
101300
1682833500
101428
1682833500
101685
2135490589
101685
2134638621
101685
1683030076
101770
2135490589
101770
2134638621
101857
2135490589
101857
2134638621
101942
2135490589
101942
2134638621
102028
2135490589
102028
2134638621
102112
2135490589
102112
2134638621
102198
1682767963
102198
1683030076
102454
2135490589
102454
2134638621
102711
2135490589
102711
2134638621
102711
1682833500
102796
2135490589
102796
2134638621
102882
2135490589
102882
2134638621
102967
2135490589
102967
2134638621
102967
1682833500
103053
2135490589
103053
2134638621
103138
2135490589
103138
2134638621
103224
1682767963
103224
1682833500
103480
2135490589
103480
2134638621
103480
1682833500
103737
2135490589
103737
2134638621
103737
1682833500
103822
2135490589
103822
2134638621
103908
2135490589
103908
2134638621
103993
2135490589
103993
2134638621
103993
1682833500
104079
2135490589
104079
2134638621
104163
2135490589
104163
2134638621
104250
1682767963
104250
1682833500
104505
2135490589
104505
2134638621
104505
1682833500
104762
2135490589
104762
2134638621
104762
1682833500
104847
2135490589
104847
2134638621
104933
2135490589
104933
2134638621
105019
2135490589
105019
2134638621
105019
1682833500
105105
2135490589
105105
2134638621
105189
2135490589
105189
2134638621
105275
2135490589
105275
2134638621
105275
1682767963
105275
1682833500
105360
2135490589
105360
2134638621
105446
2135490589
105446
2134638621
105531
2135490589
105531
2134638621
105531
1682833500
105618
2135490589
105618
2134638621
105702
2135490589
105702
2134638621
105788
2135490589
105788
2134638621
105788
1682833500
105873
2135490589
105873
2134638621
105960
2135490589
105960
2134638621
106045
2135490589
106045
2134638621
106045
1682833500
106131
2135490589
106131
2134638621
106215
2135490589
106215
2134638621
106301
1682767963
106301
1682833500
106557
2135490589
106557
2134638621
106557
1682833500
106814
2135490589
106814
2134638621
106814
1682833500
106899
2135490589
106899
2134638621
106985
2135490589
106985
2134638621
107070
2135490589
107070
2134638621
107070
1682833500
107156
2135490589
107156
2134638621
107240
2135490589
107240
2134638621
107326
1682767963
107326
1682833500
107582
2135490589
107582
2134638621
107582
1682833500
107839
2135490589
107839
2134638621
107839
1681850426
107839
1682702394
107924
2135490589
107924
2134638621
107924
1682636859
107924
1681784891
108010
2135490589
108010
2134638621
108095
2135490589
108095
2134638621
108182
2135490589
108182
2134638621
108266
2135490589
108266
2134638621
108352
1682767963
108352
1683030076
108608
2135490589
108608
2134638621
108865
2135490589
108865
2134638621
108865
1682833500
108950
2135490589
108950
2134638621
109036
2135490589
109036
2134638621
109122
2135490589
109122
2134638621
109208
2135490589
109208
2134638621
109292
2135490589
109292
2134638621
109378
2135490589
109378
2134638621
109378
1682767963
109378
1682964573
109463
2135490589
109463
2134638621
109549
2135490589
109549
2134638621
109634
2135490589
109634
2134638621
109720
2135490589
109720
2134638621
109805
2135490589
109805
2134638621
109891
2135490589
109891
2134638621
109891
1682833500
109891
1683030076
109976
2135490589
109976
2134638621
110062
2135490589
110062
2134638621
110147
2135490589
110147
2134638621
110233
2135490589
110233
2134638621
110317
2135490589
110317
2134638621
110403
1682767963
110403
1683030076
110659
2135490589
110659
2134638621
110916
2135490589
110916
2134638621
110916
1682833500
111001
2135490589
111001
2134638621
111087
2135490589
111087
2134638621
111172
2135490589
111172
2134638621
111172
1682833500
111258
2135490589
111258
2134638621
111343
2135490589
111343
2134638621
111429
1682767963
111429
1682833500
111685
2135490589
111685
2134638621
111685
1682833500
111942
2135490589
111942
2134638621
111942
1682833500
112027
2135490589
112027
2134638621
112113
2135490589
112113
2134638621
112198
2135490589
112198
2134638621
112198
1682833500
112284
2135490589
112284
2134638621
112369
2135490589
112369
2134638621
112455
1682767963
112455
1682833500
112711
2135490589
112711
2134638621
112711
1682833500
112967
2135490589
112967
2134638621
112967
1682833500
113052
2135490589
113052
2134638621
113138
2135490589
113138
2134638621
113224
2135490589
113224
2134638621
113224
1682833500
113310
2135490589
113310
2134638621
113394
2135490589
113394
2134638621
113480
2135490589
113480
2134638621
113480
1682767963
113480
1682833500
113565
2135490589
113565
2134638621
113651
2135490589
113651
2134638621
113736
2135490589
113736
2134638621
113736
1682833500
113823
2135490589
113823
2134638621
113907
2135490589
113907
2134638621
113993
2135490589
113993
2134638621
113993
1682833500
114078
2135490589
114078
2134638621
114165
2135490589
114165
2134638621
114250
2135490589
114250
2134638621
114250
1682833500
114336
2135490589
114336
2134638621
114420
2135490589
114420
2134638621
114506
1682767963
114506
1682833500
114762
2135490589
114762
2134638621
114762
1682833500
115019
2135490589
115019
2134638621
115019
1682833500
115104
2135490589
115104
2134638621
115189
2135490589
115189
2134638621
115274
2135490589
115274
2134638621
115274
1682833500
115360
2135490589
115360
2134638621
115445
2135490589
115445
2134638621
115532
1682767963
115532
1682833500
115788
1681850426
115788
1682702394
115852
1681850426
115852
1682702394
115916
1681850426
115916
1682702394
115980
1681850426
115980
1682702394
116044
1681850426
116044
1682702394
116173
1681850426
116173
1682702394
116301
1682636859
116301
1681784891
116365
1682636859
116365
1681784891
116429
1682636859
116429
1681784891
116493
1682636859
116493
1681784891
116557
1682636859
116557
1681784891
116685
1682636859
116685
1681784891
116814
1682767963
116942
1682767963
117070
1681850426
117070
1682702394
117198
1681850426
117198
1682702394
117326
1682767963
117455
1682767963
117583
1682636859
117583
1681784891
117711
1682636859
117711
1681784891
117839
2135556125
117839
2134704157
118096
2135490589
118096
2134638621
118096
1683030076
118225
2135490589
118225
2134638621
118353
2135490589
118353
2134638621
118353
1682767963
118353
1682833500
118481
2135490589
118481
2134638621
118609
2135490589
118609
2134638621
118609
1682833500
118737
2135490589
118737
2134638621
118865
2135490589
118865
2134638621
118865
1682767963
118865
1682833500
118993
2135490589
118993
2134638621
119121
2135490589
119121
2134638621
119121
1682833500
119249
2135490589
119249
2134638621
119378
2135490589
119378
2134638621
119378
1682767963
119378
1682833500
119506
2135490589
119506
2134638621
119634
2135490589
119634
2134638621
119634
1682833500
119763
2135490589
119763
2134638621
119891
2135490589
119891
2134638621
119891
1682767963
119891
1682833500
120019
2135490589
120019
2134638621
120147
2135490589
120147
2134638621
120147
1682833500
120275
2135490589
120275
2134638621
120404
2135490589
120404
2134638621
120404
1682767963
120404
1682833500
120532
2135490589
120532
2134638621
120660
2135490589
120660
2134638621
120660
1682833500
120789
2135490589
120789
2134638621
120916
2135490589
120916
2134638621
120916
1682767963
120916
1683030076
121044
2135490589
121044
2134638621
121173
2135490589
121173
2134638621
121173
1682833500
121301
2135490589
121301
2134638621
121301
1682767963
121430
2135490589
121430
2134638621
121430
1682833500
121557
2135490589
121557
2134638621
121685
2135490589
121685
2134638621
121685
1682767963
121685
1683030076
121814
2135490589
121814
2134638621
121942
2135490589
121942
2134638621
121942
1682767963
121942
1683030076
122070
2135490589
122070
2134638621
122198
2135490589
122198
2134638621
122198
1682833500
122326
2135490589
122326
2134638621
122455
2135490589
122455
2134638621
122455
1682767963
122455
1682833500
122583
2135490589
122583
2134638621
122711
2135490589
122711
2134638621
122711
1682833500
122840
2135490589
122840
2134638621
122968
2135490589
122968
2134638621
122968
1682767963
122968
1682833500
123096
2135490589
123096
2134638621
123224
2135490589
123224
2134638621
123224
1682833500
123352
2135490589
123352
2134638621
123481
2135490589
123481
2134638621
123481
1682767963
123481
1682833500
123609
2135490589
123609
2134638621
123737
2135490589
123737
2134638621
123737
1682833500
123866
2135490589
123866
2134638621
123994
2135490589
123994
2134638621
123994
1682767963
123994
1682833500
124122
2135490589
124122
2134638621
124250
2135490589
124250
2134638621
124250
1682833500
124377
2135490589
124377
2134638621
124377
1681850426
124377
1682702394
124506
2135490589
124506
2134638621
124506
1682833500
124634
2135490589
124634
2134638621
124762
2135490589
124762
2134638621
124762
1682767963
124762
1682833500
124891
2135490589
124891
2134638621
125019
2135490589
125019
2134638621
125019
1682833500
125147
2135490589
125147
2134638621
125147
1682636859
125147
1681784891
125275
2135490589
125275
2134638621
125275
1682833500
125403
2135490589
125403
2134638621
125532
2135490589
125532
2134638621
125532
1682767963
125532
1682833500
125660
2135490589
125660
2134638621
125788
2135490589
125788
2134638621
125788
1682767963
125916
2135490589
125916
2134638621
125916
1682767963
126044
2135490589
126044
2134638621
126044
1682767963
126172
2135490589
126172
2134638621
126172
1682767963
126301
2135490589
126301
2134638621
126301
1683030076
126557
1682964573
126814
1682767963
126814
1682964573
127071
1682964573
127326
2135490589
127326
2134638621
127326
1682833500
127326
1682964573
127583
1682964573
127839
1682767963
127839
1682964573
128095
1682964573
128352
2135490589
128352
2134638621
128352
1683030076
128608
1682964573
128865
1682767963
128865
1682964573
129121
1682964573
129378
2135490589
129378
2134638621
129378
1682833500
129378
1682964573
129634
1682964573
129891
1682767963
129891
1682964573
130147
2135490589
130147
2134638621
130147
1683030076
130403
2135490589
130403
2134638621
130403
1682833500
130660
1682964573
130916
1682767963
130916
1682964573
131173
1682964573
131429
2135490589
131429
2134638621
131429
1682833500
131429
1682964573
131686
1682964573
131942
1682767963
131942
1682964573
132198
1682964573
132455
2135490589
132455
2134638621
132455
1683030076
132711
1682964573
132967
1682767963
132967
1682964573
133223
1682964573
133480
2135490589
133480
2134638621
133480
1682833500
133480
1682964573
133736
1682964573
133865
2135490589
133865
2134638621
133993
1682767963
133993
1682964573
134250
2135490589
134250
2134638621
134250
1683030076
134506
2135490589
134506
2134638621
134506
1682833500
134506
1683030076
135019
1682833500
135146
1682833500
135275
1682833500
135404
1682833500
135532
1682833500
135659
1682833500
135787
1682833500
135917
1682833500
136044
1682833500
136172
1682833500
136301
1682833500
136430
1682833500
136557
2135490589
136557
2134638621
136557
1683030076
136685
1682833500
136813
1682833500
136942
1682833500
137070
1682833500
137199
1682833500
137326
1682833500
137455
1682833500
137583
1682833500
137710
1682833500
137839
1682833500
137968
1682833500
138096
1682833500
138223
1682833500
138351
1682833500
138480
1682833500
138608
2135490589
138608
2134638621
138608
1683030076
138736
1682833500
138864
1682833500
138992
1682833500
139121
1682833500
139249
1682833500
139377
1682833500
139506
1682833500
139634
1682833500
139763
1682833500
139891
1682833500
140019
1682833500
140147
1682833500
140275
1682833500
140403
1682833500
140532
1682833500
140660
2135490589
140660
2134638621
140660
1683030076
140787
1682833500
140915
1682833500
141044
1682833500
141173
1682833500
141300
1682833500
141428
1682833500
141557
1682833500
141685
2135490589
141685
2134638621
141685
1682964573
141813
1682833500
141941
1682833500
142070
1682833500
142198
2135490589
142198
2134638621
142198
1683030076
142326
1682833500
142453
1682833500
142711
2135490589
142711
2134638621
142711
1683030076
142967
1682833500
143096
1682833500
143224
1682767963
143351
1682833500
143479
1682833500
143608
1682833500
143737
1682833500
143865
1682833500
143992
2135490589
143992
2134638621
143992
1682833500
144122
1682833500
144250
1682767963
144378
1682833500
144506
2135490589
144506
2134638621
144506
1682833500
144635
1682833500
144762
2135490589
144762
2134638621
144762
1683030076
144891
1682833500
145019
1682833500
145148
1682833500
145275
1682767963
145403
1682833500
145532
1682833500
145660
1682833500
145788
1682833500
145916
1682833500
146043
2135490589
146043
2134638621
146043
1682833500
146172
1682833500
146301
1682767963
146429
1682833500
146557
2135490589
146557
2134638621
146557
1682833500
146686
1682833500
146814
2135490589
146814
2134638621
146814
1683030076
146942
1682833500
147070
1682833500
147199
1682833500
147326
1682767963
147454
1682833500
147582
1682833500
147710
1682833500
147839
1682833500
147967
1682833500
148094
2135490589
148094
2134638621
148094
1682833500
148223
1682833500
148352
1682767963
148480
1682833500
148607
2135490589
148607
2134638621
148607
1682833500
148736
1682833500
148865
2135490589
148865
2134638621
148865
1683030076
148993
1682833500
149121
1682833500
149250
1682833500
149378
1682767963
149507
1682833500
149634
1682833500
149763
1682833500
149891
2135490589
149891
2134638621
149891
1683030076
150018
1682833500
150147
1682833500
150276
1682833500
150403
2135490589
150403
2134638621
150403
1682964573
150531
1682833500
150659
1682833500
150788
1682833500
150916
2135490589
150916
2134638621
150916
1683030076
151044
1682833500
151172
1682833500
151301
1682833500
151429
1682767963
151556
1682833500
151684
1682833500
151813
1682833500
151942
1682833500
152070
1682833500
152197
2135490589
152197
2134638621
152197
1682833500
152327
1682833500
152455
1682767963
152583
1682833500
152711
2135490589
152711
2134638621
152711
1682833500
152840
1682833500
152967
2135490589
152967
2134638621
152967
1683030076
153096
1682833500
153224
1682833500
153353
1682833500
153480
1682767963
153608
1682833500
153737
1682833500
153865
1682833500
153993
1682833500
154121
1682833500
154248
2135490589
154248
2134638621
154248
1682833500
154377
1682833500
154506
1682767963
154634
1682833500
154762
2135490589
154762
2134638621
154762
1682833500
154891
1682833500
155019
2135490589
155019
2134638621
155019
1683030076
155147
1682833500
155275
1682833500
155404
1682833500
155532
1682767963
155659
1682833500
155787
1682833500
155915
1682833500
156044
1682833500
156172
1682833500
156299
2135490589
156299
2134638621
156299
1682833500
156428
1682833500
156557
1682767963
156685
1682833500
156812
2135490589
156812
2134638621
156812
1682833500
156941
1682833500
157070
2135490589
157070
2134638621
157070
1683030076
157198
1682833500
157326
1682833500
157455
1682833500
157583
1682767963
157712
1682833500
157839
1682833500
157968
1682833500
158096
2135490589
158096
2134638621
158096
1683030076
158223
1682833500
158352
1682833500
158481
1682833500
158608
2135490589
158608
2134638621
158608
1682964573
158736
1682833500
158864
1682833500
158993
1682833500
159121
2135490589
159121
2134638621
159121
1683030076
159377
1682833500
159506
1682833500
159634
1682767963
159761
1682833500
159889
1682833500
160018
1682833500
160147
1682833500
160275
1682833500
160402
2135490589
160402
2134638621
160402
1682833500
160532
1682833500
160660
1682767963
160788
1682833500
160916
2135490589
160916
2134638621
160916
1682833500
161045
1682833500
161173
2135490589
161173
2134638621
161173
1683030076
161302
1682833500
161429
1682833500
161558
1682833500
161685
1682767963
161813
1682833500
161942
1682833500
162070
1682833500
162198
1682833500
162326
1682833500
162453
2135490589
162453
2134638621
162453
1682833500
162582
1682833500
162711
1682767963
162839
1682833500
162967
2135490589
162967
2134638621
162967
1682833500
163096
1682833500
163224
2135490589
163224
2134638621
163224
1683030076
163352
1682833500
163480
1682833500
163609
1682833500
163737
1682767963
163865
1682833500
163993
1682833500
164121
1682833500
164249
1682833500
164377
1682833500
164504
2135490589
164504
2134638621
164504
1682833500
164633
1682833500
164762
1682767963
164890
1682833500
165017
2135490589
165017
2134638621
165017
1682833500
165146
1682833500
165275
2135490589
165275
2134638621
165275
1683030076
165403
1682833500
165531
1682833500
165660
1682833500
165788
1682767963
165917
1682833500
166044
1682833500
166173
1682833500
166301
2135490589
166301
2134638621
166301
1683030076
166428
1682833500
166557
1682833500
166686
1682833500
166814
2135490589
166814
2134638621
166814
1683030076
166942
1682833500
167069
1682833500
167198
1682833500
167326
2135490589
167326
2134638621
167326
1682964573
167740
1682767963
167947
2135490589
167947
2134638621
167947
1683030076
168568
1682767963
168775
2135490589
168775
2134638621
168775
1683030076
169188
2135490589
169188
2134638621
169395
1682767963
169395
1682964573
169809
2135490589
169809
2134638621
169809
1682833500
170016
2135490589
170016
2134638621
170223
1682767963
170223
1682833500
170430
2135490589
170430
2134638621
170637
2135490589
170637
2134638621
170637
1682833500
171051
1682767963
171051
1682833500
171257
2135490589
171257
2134638621
171464
1682833500
171671
2135490589
171671
2134638621
171878
1682767963
171878
1682833500
172085
2135490589
172085
2134638621
172292
1682833500
172499
2135490589
172499
2134638621
172706
1682767963
172706
1682833500
172913
1681850426
172913
1682702394
172964
1681850426
172964
1682702394
173016
1681850426
173016
1682702394
173068
1681850426
173068
1682702394
173120
1681850426
173120
1682702394
173223
1681850426
173223
1682702394
173326
1682636859
173326
1681784891
173430
1682636859
173430
1681784891
173533
2135556125
173533
2134704157
173637
2135556125
173637
2134704157
173740
2135556125
173740
2134704157
173844
2135556125
173844
2134704157
173947
2135490589
173947
2134638621
173947
1682964573
174361
1682767963
174568
2135490589
174568
2134638621
174568
1683030076
174982
2135490589
174982
2134638621
175188
1682767963
175395
2135490589
175395
2134638621
175395
1683030076
175809
2135490589
175809
2134638621
176016
1682767963
176016
1682964573
176430
2135490589
176430
2134638621
176430
1682833500
176637
2135490589
176637
2134638621
176844
1682767963
176844
1682833500
177051
2135490589
177051
2134638621
177257
2135490589
177257
2134638621
177257
1682833500
177671
1682767963
177671
1682833500
177878
2135490589
177878
2134638621
178085
1682833500
178292
2135490589
178292
2134638621
178499
1682767963
178499
1682833500
178706
2135490589
178706
2134638621
178913
2135490589
178913
2134638621
178913
1682833500
179120
1682767963
179223
1682767963
179326
2135490589
179326
2134638621
179326
1682767963
179533
1682767963
179637
1682767963
179740
2135490589
179740
2134638621
179740
1682767963
179947
1682767963
180051
1682767963
180154
2135490589
180154
2134638621
180154
1682767963
180257
1682767963
180361
1682767963
180464
1682767963
180568
2135490589
180568
2134638621
180568
1683030076
180982
1683030076
181188
2135490589
181188
2134638621
181395
1682767963
181395
1683030076
181809
1683030076
182016
2135490589
182016
2134638621
182223
1683030076
182430
2135490589
182430
2134638621
182637
2135490589
182637
2134638621
182637
1683030076
182844
2135490589
182844
2134638621
183051
1682767963
183051
1683030076
183257
2135490589
183257
2134638621
183464
2135490589
183464
2134638621
183464
1683030076
183671
2135490589
183671
2134638621
183878
2135490589
183878
2134638621
183878
1682833500
183878
1683030076
184292
1683030076
184498
2135490589
184498
2134638621
184706
1682767963
184706
1683030076
185119
1683030076
185326
2135490589
185326
2134638621
185533
1683030076
185740
2135490589
185740
2134638621
185947
2135490589
185947
2134638621
185947
1683030076
186361
1682767963
186361
1683030076
186567
2135490589
186567
2134638621
186775
2135490589
186775
2134638621
186775
1683030076
186982
2135490589
186982
2134638621
187188
2135490589
187188
2134638621
187188
1682833500
187188
1683030076
187602
1683030076
187809
2135490589
187809
2134638621
188016
1682767963
188016
1683030076
188430
1683030076
188637
2135490589
188637
2134638621
188844
1683030076
189051
2135490589
189051
2134638621
189257
2135490589
189257
2134638621
189257
1683030076
189464
2135490589
189464
2134638621
189671
1682767963
189671
1683030076
189878
2135490589
189878
2134638621
190085
2135490589
190085
2134638621
190085
1683030076
190292
2135490589
190292
2134638621
190499
2135490589
190499
2134638621
190499
1682833500
190499
1683030076
190913
1683030076
191119
2135490589
191119
2134638621
191326
1682767963
191326
1683030076
191740
1683030076
191947
2135490589
191947
2134638621
192154
1683030076
192361
2135490589
192361
2134638621
192568
2135490589
192568
2134638621
192568
1683030076
192982
1682767963
192982
1683030076
193188
2135490589
193188
2134638621
193395
2135490589
193395
2134638621
193395
1683030076
193602
2135490589
193602
2134638621
193809
2135490589
193809
2134638621
193809
1682833500
193809
1683030076
194223
1682833500
195051
1682833500
195878
1682833500
196292
2135490589
196292
2134638621
196292
1682833500
196499
2135490589
196499
2134638621
196499
1683030076
196706
2135490589
196706
2134638621
196706
1682833500
196913
2135490589
196913
2134638621
196913
1683030076
197533
1682833500
198361
1682833500
199188
1682833500
199602
2135490589
199602
2134638621
199602
1682833500
199809
2135490589
199809
2134638621
199809
1683030076
200016
2135490589
200016
2134638621
200016
1682833500
200223
2135490589
200223
2134638621
200223
1683030076
200844
1682833500
201671
1682833500
202499
1682833500
202913
2135490589
202913
2134638621
202913
1682833500
203119
2135490589
203119
2134638621
203119
1683030076
203326
2135490589
203326
2134638621
203326
1682833500
203533
2135490589
203533
2134638621
203533
1683030076
203947
2135490589
203947
2134638621
203947
1683030076
204154
1682767963
204361
2135490589
204361
2134638621
204361
1682964573
204775
2135490589
204775
2134638621
204775
1683030076
204982
1682767963
205188
2135490589
205188
2134638621
205188
1682964573
205602
2135490589
205602
2134638621
205602
1683030076
205809
1682767963
206016
2135490589
206016
2134638621
206016
1683030076
206223
2135490589
206223
2134638621
206223
1682833500
206430
2135490589
206430
2134638621
206430
1683030076
206637
2135490589
206637
2134638621
206637
1682833500
206844
2135490589
206844
2134638621
206844
1683030076
207051
1682833500
207257
2135490589
207257
2134638621
207257
1682833500
207464
1682767963
207464
1682833500
207671
1682833500
207878
2135490589
207878
2134638621
207878
1682833500
208085
1682833500
208292
1682767963
208292
1682833500
208499
1682833500
208706
2135490589
208706
2134638621
208706
1682833500
208913
1682833500
209119
1682767963
209119
1682833500
209326
1682833500
209533
2135490589
209533
2134638621
209533
1682833500
209740
2135490589
209740
2134638621
209740
1682833500
209947
1682767963
209947
1682833500
210154
2135490589
210154
2134638621
210154
1682833500
210361
1682833500
210568
2135490589
210568
2134638621
210568
1682833500
210775
1682767963
210775
1682833500
210982
1682833500
211188
2135490589
211188
2134638621
211188
1682833500
211395
1682833500
211602
1682767963
211602
1682833500
211809
1682833500
212016
2135490589
212016
2134638621
212016
1682833500
212223
1682833500
212430
1682767963
212430
1682833500
212637
1682833500
212844
2135490589
212844
2134638621
212844
1682833500
213051
2135490589
213051
2134638621
213051
1682833500
213257
1682767963
213257
1682833500
213464
2135490589
213464
2134638621
213464
1682833500
213671
1682833500
213878
2135490589
213878
2134638621
213878
1682833500
214085
1682767963
214085
1682833500
214292
1682833500
214499
2135490589
214499
2134638621
214499
1682833500
214706
1682833500
214913
1682767963
214913
1682833500
215119
1682833500
215326
2135490589
215326
2134638621
215326
1682833500
215534
1682833500
215740
1682767963
215740
1682833500
215947
1682833500
216154
2135490589
216154
2134638621
216154
1682833500
216361
2135490589
216361
2134638621
216361
1682833500
216568
1682767963
216568
1682833500
216775
2135490589
216775
2134638621
216775
1683030076
217188
2135490589
217188
2134638621
217188
1683030076
217395
1682767963
217602
2135490589
217602
2134638621
217602
1682964573
218016
2135490589
218016
2134638621
218016
1683030076
218223
1682767963
218430
2135490589
218430
2134638621
218430
1683030076
218844
2135490589
218844
2134638621
218844
1683030076
219051
1682767963
219257
2135490589
219257
2134638621
219257
1682964573
219464
2135490589
219464
2134638621
219464
1682833500
219671
2135490589
219671
2134638621
219671
1683030076
219878
2135490589
219878
2134638621
219878
1682833500
220085
2135490589
220085
2134638621
220085
1683030076
220292
1682833500
220499
2135490589
220499
2134638621
220499
1682833500
220706
1682767963
220706
1682833500
220913
1682833500
221119
2135490589
221119
2134638621
221119
1682833500
221326
2135490589
221326
2134638621
221326
1682833500
221533
1682767963
221533
1682833500
221740
2135490589
221740
2134638621
221740
1683030076
221947
1682833500
222154
2135490589
222154
2134638621
222154
1682833500
222361
1682767963
222361
1682833500
222568
1682833500
222775
2135490589
222775
2134638621
222775
1682833500
222982
2135490589
222982
2134638621
222982
1682833500
223188
1682767963
223188
1682833500
223395
2135490589
223395
2134638621
223395
1683030076
223602
1682833500
223809
2135490589
223809
2134638621
223809
1682833500
224016
1682767963
224016
1682833500
224223
1682833500
224430
2135490589
224430
2134638621
224430
1682833500
224637
2135490589
224637
2134638621
224637
1682833500
224844
1682767963
224844
1682833500
225051
2135490589
225051
2134638621
225051
1683030076
225257
1682833500
225464
2135490589
225464
2134638621
225464
1682833500
225671
1682767963
225671
1682833500
225878
1682833500
226085
2135490589
226085
2134638621
226085
1682833500
226292
2135490589
226292
2134638621
226292
1682833500
226499
1682767963
226499
1682833500
226706
2135490589
226706
2134638621
226706
1683030076
226913
1682833500
227119
2135490589
227119
2134638621
227119
1682833500
227326
1682767963
227326
1682833500
227534
1682833500
227740
2135490589
227740
2134638621
227740
1682833500
227947
2135490589
227947
2134638621
227947
1682833500
228154
1682767963
228154
1682833500
228361
2135490589
228361
2134638621
228361
1683030076
228568
1682833500
228775
2135490589
228775
2134638621
228775
1682833500
228982
1682767963
228982
1682833500
229188
2135490589
229188
2134638621
229188
1682964573
229395
1682833500
229603
2135490589
229603
2134638621
229603
1682833500
229809
1682767963
229809
1682833500
230016
2135490589
230016
2134638621
230016
1683030076
230223
1682833500
230430
2135490589
230430
2134638621
230430
1682833500
230637
1682767963
230844
2135490589
230844
2134638621
230844
1682833500
231051
2135490589
231051
2134638621
231051
1682833500
231257
1682767963
231464
2135490589
231464
2134638621
231464
1682833500
231671
2135490589
231671
2134638621
231671
1682833500
231878
1682767963
232085
2135490589
232085
2134638621
232085
1682833500
232292
2135490589
232292
2134638621
232292
1682833500
232499
1682767963
232706
2135490589
232706
2134638621
232706
1682833500
232913
2135490589
232913
2134638621
232913
1682833500
233119
1682767963
233326
2135490589
233326
2134638621
233326
1683030076
233533
1682833500
233740
2135490589
233740
2134638621
233740
1682833500
233947
1682767963
233947
1682833500
234154
1682833500
234361
2135490589
234361
2134638621
234361
1682833500
234568
2135490589
234568
2134638621
234568
1682833500
234775
1682767963
234775
1682833500
234982
2135490589
234982
2134638621
234982
1683030076
235188
1682833500
235395
2135490589
235395
2134638621
235395
1682833500
235602
1682767963
235602
1682833500
235809
1682833500
236016
2135490589
236016
2134638621
236016
1682833500
236223
2135490589
236223
2134638621
236223
1682833500
236430
1682767963
236430
1682833500
236637
2135490589
236637
2134638621
236637
1683030076
236844
1682833500
237051
2135490589
237051
2134638621
237051
1682833500
237257
1682767963
237257
1682833500
237465
1682833500
237671
2135490589
237671
2134638621
237671
1682833500
237878
2135490589
237878
2134638621
237878
1682833500
238085
1682767963
238085
1682833500
238292
2135490589
238292
2134638621
238292
1682964573
238499
1682833500
238706
2135490589
238706
2134638621
238706
1682833500
238913
1682767963
238913
1682833500
239119
1682833500
239326
2135490589
239326
2134638621
239326
1682833500
239534
2135490589
239534
2134638621
239534
1682833500
239740
1682767963
239740
1682833500
239947
2135490589
239947
2134638621
239947
1683030076
240154
1682833500
240361
2135490589
240361
2134638621
240361
1682833500
240568
1682767963
240568
1682833500
240775
1682833500
240982
2135490589
240982
2134638621
240982
1682833500
241188
2135490589
241188
2134638621
241188
1682833500
241395
1682767963
241395
1682833500
241602
2135490589
241602
2134638621
241602
1683030076
241809
1682833500
242016
2135490589
242016
2134638621
242016
1682833500
242223
1682767963
242223
1682833500
242430
2135490589
242430
2134638621
242430
1683030076
242637
1682833500
242844
2135490589
242844
2134638621
242844
1682833500
243051
1682767963
243051
1682833500
243257
2135490589
243257
2134638621
243257
1682964573
243464
1682833500
243671
2135490589
243671
2134638621
243671
1682833500
243878
1682767963
244085
2135490589
244085
2134638621
244085
1682833500
244292
2135490589
244292
2134638621
244292
1682833500
244498
1682767963
244706
2135490589
244706
2134638621
244706
1682833500
244913
2135490589
244913
2134638621
244913
1682833500
245119
1682767963
245326
2135490589
245326
2134638621
245326
1682833500
245533
2135490589
245533
2134638621
245533
1682833500
245740
1682767963
245947
2135490589
245947
2134638621
245947
1682833500
246154
2135490589
246154
2134638621
246154
1682833500
246361
1682767963
246568
2135490589
246568
2134638621
246568
1683030076
248223
2135490589
248223
2134638621
248223
1682833500
248223
1683030076
248430
1682964573
248637
2135490589
248637
2134638621
248637
1682964573
248844
1682767963
248844
1682964573
249051
1682964573
249257
2135490589
249257
2134638621
249257
1682964573
249464
2135490589
249464
2134638621
249464
1682964573
249533
2135490589
249533
2134638621
249602
2135490589
249602
2134638621
249671
1682767963
249671
1682964573
249878
2135490589
249878
2134638621
249878
1682964573
250085
2135490589
250085
2134638621
250085
1682833500
250085
1682964573
250292
1682964573
250395
2135490589
250395
2134638621
250499
1682767963
250499
1682964573
250706
2135490589
250706
2134638621
250706
1682964573
250913
2135490589
250913
2134638621
250913
1682964573
251119
1682964573
251223
2135490589
251223
2134638621
251326
1682767963
251326
1682964573
251533
2135490589
251533
2134638621
251533
1682964573
251740
2135490589
251740
2134638621
251740
1682964573
251947
1682964573
252051
2135490589
252051
2134638621
252154
1682767963
252154
1682964573
252361
2135490589
252361
2134638621
252361
1682964573
252568
2135490589
252568
2134638621
252568
1683030076
252671
2135490589
252671
2134638621
252775
2135490589
252775
2134638621
252878
2135490589
252878
2134638621
252982
2135490589
252982
2134638621
252982
1682767963
252982
1683030076
253085
2135490589
253085
2134638621
253188
2135490589
253188
2134638621
253292
2135490589
253292
2134638621
253395
2135490589
253395
2134638621
253395
1682833500
253395
1682964573
253602
1682964573
253809
1682767963
253809
1682964573
254016
2135490589
254016
2134638621
254016
1682964573
254223
1682964573
254430
2135490589
254430
2134638621
254430
1682964573
254637
1682767963
254637
1682964573
254844
2135490589
254844
2134638621
254844
1682964573
255051
2135490589
255051
2134638621
255051
1682964573
255257
1682964573
255361
2135490589
255361
2134638621
255464
1682767963
255464
1682964573
255671
2135490589
255671
2134638621
255671
1682964573
255878
2135490589
255878
2134638621
255878
1682964573
256085
2135490589
256085
2134638621
256085
1682964573
256154
2135490589
256154
2134638621
256223
2135490589
256223
2134638621
256292
1682767963
256292
1683030076
256499
2135490589
256499
2134638621
256499
1682964573
256706
2135490589
256706
2134638621
256706
1682833500
256706
1682964573
256913
1682964573
257016
2135490589
257016
2134638621
257119
1682767963
257119
1682964573
257326
2135490589
257326
2134638621
257326
1682964573
257533
2135490589
257533
2134638621
257533
1682964573
257740
1682964573
257844
2135490589
257844
2134638621
257947
1682767963
257947
1682964573
258154
2135490589
258154
2134638621
258154
1682964573
258361
2135490589
258361
2134638621
258361
1682964573
258568
1682767963
258672
1682767963
258775
2135490589
258775
2134638621
258775
1682767963
258982
1682767963
259085
1682767963
259188
2135490589
259188
2134638621
259188
1682767963
259395
1681850426
259395
1682702394
259499
1681850426
259499
1682702394
259602
2135490589
259602
2134638621
259602
1682636859
259602
1681784891
259706
1682636859
259706
1681784891
259809
2135556125
259809
2134704157
259913
2135556125
259913
2134704157
260016
2135490589
260016
2134638621
260016
1683030076
260223
1682964573
260430
1682767963
260430
1682964573
260637
2135490589
260637
2134638621
260637
1683030076
260844
1682964573
261051
2135490589
261051
2134638621
261051
1682964573
261257
1682767963
261257
1682964573
261464
2135490589
261464
2134638621
261464
1683030076
261671
1682964573
261878
2135490589
261878
2134638621
261878
1682964573
262085
1682767963
262085
1682964573
262292
1682964573
262499
2135490589
262499
2134638621
262499
1682964573
262706
2135490589
262706
2134638621
262706
1682964573
262775
2135490589
262775
2134638621
262844
2135490589
262844
2134638621
262913
1682767963
262913
1682964573
263119
2135490589
263119
2134638621
263119
1682964573
263326
2135490589
263326
2134638621
263326
1682833500
263326
1682964573
263534
1682964573
263637
2135490589
263637
2134638621
263740
1682767963
263740
1682964573
263947
2135490589
263947
2134638621
263947
1682964573
264154
2135490589
264154
2134638621
264154
1682964573
264361
1682964573
264465
2135490589
264465
2134638621
264568
1682767963
264568
1682964573
264775
2135490589
264775
2134638621
264775
1682964573
264982
2135490589
264982
2134638621
264982
1682964573
265188
1682964573
265292
2135490589
265292
2134638621
265395
1682767963
265395
1682964573
265602
2135490589
265602
2134638621
265602
1682964573
265809
2135490589
265809
2134638621
265809
1683030076
265912
2135490589
265912
2134638621
266016
2135490589
266016
2134638621
266119
2135490589
266119
2134638621
266223
2135490589
266223
2134638621
266223
1682767963
266223
1683030076
266326
2135490589
266326
2134638621
266429
2135490589
266429
2134638621
266534
2135490589
266534
2134638621
266637
2135490589
266637
2134638621
266637
1682833500
266637
1682964573
266844
1682964573
267051
1682767963
267051
1682964573
267257
2135490589
267257
2134638621
267257
1682964573
267464
1682964573
267671
2135490589
267671
2134638621
267671
1682964573
267878
1682767963
267878
1682964573
268085
2135490589
268085
2134638621
268085
1682964573
268292
2135490589
268292
2134638621
268292
1682964573
268498
1682964573
268602
2135490589
268602
2134638621
268706
1682767963
268706
1682964573
268913
2135490589
268913
2134638621
268913
1682964573
269119
2135490589
269119
2134638621
269119
1682964573
269326
1682964573
269430
2135490589
269430
2134638621
269533
1682767963
269533
1683030076
269740
2135490589
269740
2134638621
269740
1682964573
269947
2135490589
269947
2134638621
269947
1682833500
269947
1682964573
270154
1682964573
270258
2135490589
270258
2134638621
270361
1682767963
270361
1682964573
270568
2135490589
270568
2134638621
270568
1682964573
270775
2135490589
270775
2134638621
270775
1682964573
270982
1682964573
271085
2135490589
271085
2134638621
271188
1682767963
271188
1682964573
271395
2135490589
271395
2134638621
271395
1682964573
271602
2135490589
271602
2134638621
271602
1682964573
271809
1682767963
271913
1682767963
272016
2135490589
272016
2134638621
272016
1682964573
272223
1682767963
272327
1682767963
272430
2135490589
272430
2134638621
272430
1682964573
272637
1682767963
272740
1682767963
272844
1682767963
272947
1682767963
273051
1682767963
273257
2135490589
273257
2134638621
273257
1682767963
273257
1683030076
273361
2135490589
273361
2134638621
273464
2135490589
273464
2134638621
273464
1682964573
273568
2135490589
273568
2134638621
273671
2135490589
273671
2134638621
273671
1682767963
273671
1682964573
273775
2135490589
273775
2134638621
273878
2135490589
273878
2134638621
273878
1682964573
273982
2135490589
273982
2134638621
274085
2135490589
274085
2134638621
274085
1682767963
274085
1682964573
274188
2135490589
274188
2134638621
274292
2135490589
274292
2134638621
274292
1682964573
274395
2135490589
274395
2134638621
274499
2135490589
274499
2134638621
274499
1682767963
274499
1682964573
274602
2135490589
274602
2134638621
274706
2135490589
274706
2134638621
274706
1682964573
274809
2135490589
274809
2134638621
274913
2135490589
274913
2134638621
274913
1682767963
274913
1682964573
275016
2135490589
275016
2134638621
275119
2135490589
275119
2134638621
275119
1682767963
275119
1682964573
275223
2135490589
275223
2134638621
275326
2135490589
275326
2134638621
275326
1682964573
275430
2135490589
275430
2134638621
275533
2135490589
275533
2134638621
275533
1682767963
275533
1682964573
275637
2135490589
275637
2134638621
275740
2135490589
275740
2134638621
275740
1682767963
275740
1682964573
275843
2135490589
275843
2134638621
275947
2135490589
275947
2134638621
275947
1682964573
276050
2135490589
276050
2134638621
276154
2135490589
276154
2134638621
276154
1682767963
276154
1682964573
276257
2135490589
276257
2134638621
276361
2135490589
276361
2134638621
276361
1682964573
276464
2135490589
276464
2134638621
276568
2135490589
276568
2134638621
276568
1682767963
276568
1683030076
276671
2135490589
276671
2134638621
276774
2135490589
276774
2134638621
276774
1682964573
276878
2135490589
276878
2134638621
276982
2135490589
276982
2134638621
276982
1682767963
276982
1682964573
277085
2135490589
277085
2134638621
277188
2135490589
277188
2134638621
277188
1682964573
277292
2135490589
277292
2134638621
277395
2135490589
277395
2134638621
277395
1682767963
277395
1682964573
277498
2135490589
277498
2134638621
277602
2135490589
277602
2134638621
277602
1682964573
277705
2135490589
277705
2134638621
277809
2135490589
277809
2134638621
277809
1682767963
277809
1682964573
277912
2135490589
277912
2134638621
278016
2135490589
278016
2134638621
278016
1682964573
278119
2135490589
278119
2134638621
278223
2135490589
278223
2134638621
278223
1682767963
278223
1682964573
278326
2135490589
278326
2134638621
278429
2135490589
278429
2134638621
278429
1682767963
278429
1682964573
278534
2135490589
278534
2134638621
278637
2135490589
278637
2134638621
278637
1682964573
278740
2135490589
278740
2134638621
278844
2135490589
278844
2134638621
278844
1682767963
278844
1682964573
278947
2135490589
278947
2134638621
279051
2135490589
279051
2134638621
279051
1682767963
279051
1682964573
279154
2135490589
279154
2134638621
279257
2135490589
279257
2134638621
279257
1682964573
279361
2135490589
279361
2134638621
279464
2135490589
279464
2134638621
279464
1682767963
279464
1682964573
279568
2135490589
279568
2134638621
279671
2135490589
279671
2134638621
279671
1682964573
279775
2135490589
279775
2134638621
279878
2135490589
279878
2134638621
279878
1682767963
279878
1683030076
279982
2135490589
279982
2134638621
280085
2135490589
280085
2134638621
280085
1682964573
280189
2135490589
280189
2134638621
280292
2135490589
280292
2134638621
280292
1682767963
280292
1682964573
280396
2135490589
280396
2134638621
280499
2135490589
280499
2134638621
280499
1682964573
280603
2135490589
280603
2134638621
280706
2135490589
280706
2134638621
280706
1682767963
280706
1682964573
280809
2135490589
280809
2134638621
280913
2135490589
280913
2134638621
280913
1682964573
281016
2135490589
281016
2134638621
281119
2135490589
281119
2134638621
281119
1682767963
281119
1682964573
281222
2135490589
281222
2134638621
281326
2135490589
281326
2134638621
281326
1682964573
281429
2135490589
281429
2134638621
281533
2135490589
281533
2134638621
281533
1682767963
281533
1682964573
281636
2135490589
281636
2134638621
281740
2135490589
281740
2134638621
281740
1682767963
281740
1682964573
281844
2135490589
281844
2134638621
281947
2135490589
281947
2134638621
281947
1682964573
282051
2135490589
282051
2134638621
282154
2135490589
282154
2134638621
282154
1682767963
282154
1682964573
282258
2135490589
282258
2134638621
282361
2135490589
282361
2134638621
282361
1682767963
282361
1682964573
282464
2135490589
282464
2134638621
282568
2135490589
282568
2134638621
282568
1682964573
282671
2135490589
282671
2134638621
282775
2135490589
282775
2134638621
282775
1682767963
282775
1682964573
282878
2135490589
282878
2134638621
282982
2135490589
282982
2134638621
282982
1682964573
283084
2135490589
283084
2134638621
283188
2135490589
283188
2134638621
283188
1682767963
283188
1683030076
283291
2135490589
283291
2134638621
283394
2135490589
283394
2134638621
283394
1682964573
283498
2135490589
283498
2134638621
283602
2135490589
283602
2134638621
283602
1682767963
283602
1682964573
283705
2135490589
283705
2134638621
283809
2135490589
283809
2134638621
283809
1682964573
283913
2135490589
283913
2134638621
284016
2135490589
284016
2134638621
284016
1682767963
284016
1682964573
284119
2135490589
284119
2134638621
284223
2135490589
284223
2134638621
284223
1682964573
284326
2135490589
284326
2134638621
284430
2135490589
284430
2134638621
284430
1682767963
284430
1682964573
284533
2135490589
284533
2134638621
284637
2135490589
284637
2134638621
284637
1682964573
284740
2135490589
284740
2134638621
284844
2135490589
284844
2134638621
284844
1682767963
284844
1682964573
284947
2135490589
284947
2134638621
285050
2135490589
285050
2134638621
285050
1682767963
285050
1682964573
285154
2135490589
285154
2134638621
285257
2135490589
285257
2134638621
285257
1682964573
285360
2135490589
285360
2134638621
285464
2135490589
285464
2134638621
285464
1682767963
285464
1682964573
285567
2135490589
285567
2134638621
285671
2135490589
285671
2134638621
285671
1682767963
285671
1682964573
285774
2135490589
285774
2134638621
285878
2135490589
285878
2134638621
285878
1682964573
285982
2135490589
285982
2134638621
286085
2135490589
286085
2134638621
286085
1682767963
286085
1682964573
286189
2135490589
286189
2134638621
286292
2135490589
286292
2134638621
286292
1682964573
286396
2135490589
286396
2134638621
286499
2135490589
286499
2134638621
286499
1682767963
286499
1683030076
286603
2135490589
286603
2134638621
286706
2135490589
286706
2134638621
286810
2135490589
286810
2134638621
286913
2135490589
286913
2134638621
286913
1682767963
286913
1682964573
287017
2135490589
287017
2134638621
287119
2135490589
287119
2134638621
287223
2135490589
287223
2134638621
287326
2135490589
287326
2134638621
287326
1682767963
287326
1682964573
287429
2135490589
287429
2134638621
287533
2135490589
287533
2134638621
287636
2135490589
287636
2134638621
287740
2135490589
287740
2134638621
287740
1682767963
287740
1682964573
287843
2135490589
287843
2134638621
287947
2135490589
287947
2134638621
288050
2135490589
288050
2134638621
288154
2135490589
288154
2134638621
288154
1682833500
288154
1683030076
288568
1682767963
288775
2135490589
288775
2134638621
288775
1683030076
289188
1682767963
289395
2135490589
289395
2134638621
289395
1683030076
289809
2135490589
289809
2134638621
290223
1682636859
290223
1681784891
290223
2135556125
290223
2134704157
290637
2135490589
290637
2134638621
291051
1682636859
291051
1681784891
291051
2135556125
291051
2134704157
291464
2135490589
291464
2134638621
291878
1682636859
291878
1681784891
291878
2135556125
291878
2134704157
292292
2135490589
292292
2134638621
292706
1682636859
292706
1681784891
292706
2135556125
292706
2134704157
292913
2135490589
292913
2134638621
293119
2135490589
293119
2134638621
293533
1682636859
293533
1681784891
293533
2135556125
293533
2134704157
293947
2135490589
293947
2134638621
294361
1682636859
294361
1681784891
294361
2135556125
294361
2134704157
294775
2135490589
294775
2134638621
295188
1682636859
295188
1681784891
295188
2135556125
295188
2134704157
295602
2135490589
295602
2134638621
296016
1682636859
296016
1681784891
296016
2135556125
296016
2134704157
296430
2135490589
296430
2134638621
296844
1682636859
296844
1681784891
296844
2135556125
296844
2134704157
297257
2135490589
297257
2134638621
297671
1682636859
297671
1681784891
297671
2135556125
297671
2134704157
298085
2135490589
298085
2134638621
298499
1682636859
298499
1681784891
298499
2135556125
298499
2134704157
298913
2135490589
298913
2134638621
299326
1682636859
299326
1681784891
299326
2135556125
299326
2134704157
299533
2135490589
299533
2134638621
299740
2135490589
299740
2134638621
300154
1682636859
300154
1681784891
300154
2135556125
300154
2134704157
300568
2135490589
300568
2134638621
300982
1682636859
300982
1681784891
300982
2135556125
300982
2134704157
301395
2135490589
301395
2134638621
301809
1682636859
301809
1681784891
301809
2135556125
301809
2134704157
302223
2135490589
302223
2134638621
302637
1682636859
302637
1681784891
302637
2135556125
302637
2134704157
303051
2135490589
303051
2134638621
303464
1682636859
303464
1681784891
303464
2135556125
303464
2134704157
303878
2135490589
303878
2134638621
304292
1682636859
304292
1681784891
304292
2135556125
304292
2134704157
304706
2135490589
304706
2134638621
305119
1682636859
305119
1681784891
305119
2135556125
305119
2134704157
305533
2135490589
305533
2134638621
305947
1682636859
305947
1681784891
305947
2135556125
305947
2134704157
306154
2135490589
306154
2134638621
306361
2135490589
306361
2134638621
306775
1682636859
306775
1681784891
306775
2135556125
306775
2134704157
307188
2135490589
307188
2134638621
307602
1682636859
307602
1681784891
307602
2135556125
307602
2134704157
308016
2135490589
308016
2134638621
308430
1682636859
308430
1681784891
308430
2135556125
308430
2134704157
308844
2135490589
308844
2134638621
309257
1682636859
309257
1681784891
309257
2135556125
309257
2134704157
309671
2135490589
309671
2134638621
310085
1682636859
310085
1681784891
310085
2135556125
310085
2134704157
310499
2135490589
310499
2134638621
310913
1682636859
310913
1681784891
310913
2135556125
310913
2134704157
311326
2135490589
311326
2134638621
311740
1682636859
311740
1681784891
311740
2135556125
311740
2134704157
312154
2135490589
312154
2134638621
312568
1682636859
312568
1681784891
312568
2135556125
312568
2134704157
312775
2135490589
312775
2134638621
312982
2135490589
312982
2134638621
313395
1682636859
313395
1681784891
313395
2135556125
313395
2134704157
313809
2135490589
313809
2134638621
314223
1682636859
314223
1681784891
314223
2135556125
314223
2134704157
314637
2135490589
314637
2134638621
314637
1682767963
314637
1683030076
315051
1682767963
315051
2135556125
315051
2134704157
315257
1682767963
315257
2135556125
315257
2134704157
315464
1682767963
315464
2135556125
315464
2134704157
315671
1682767963
315671
2135556125
315671
2134704157
315878
1682767963
315878
2135556125
315878
2134704157
316084
1682767963
316084
2135556125
316084
2134704157
316292
1682767963
316292
2135556125
316292
2134704157
316499
1682767963
316499
2135556125
316499
2134704157
316706
1682767963
316706
2135556125
316706
2134704157
316912
1682767963
316912
2135556125
316912
2134704157
317119
1682767963
317119
2135556125
317119
2134704157
317326
2135490589
317326
2134638621
317533
1682767963
317533
1683030076
317740
2135490589
317740
2134638621
317947
2135490589
317947
2134638621
317947
1682964573
318361
1682767963
318361
1682833500
318568
2135490589
318568
2134638621
318568
1683030076
318775
1682833500
318982
2135490589
318982
2134638621
318982
1682833500
319188
1682767963
319188
1682833500
319395
2135490589
319395
2134638621
319395
1683030076
319602
1682833500
319809
2135490589
319809
2134638621
319809
1682833500
320016
1682767963
320016
1682833500
320223
1681850426
320223
1682702394
320274
1681850426
320274
1682702394
320326
1681850426
320326
1682702394
320378
1681850426
320378
1682702394
320430
1681850426
320430
1682702394
320533
1681850426
320533
1682702394
320637
1682767963
320741
1682767963
320844
1682636859
320844
1681784891
320948
1682636859
320948
1681784891
321050
2135556125
321050
2134704157
321154
2135556125
321154
2134704157
321257
2135490589
321257
2134638621
321257
1682964573
321671
1682767963
321878
2135490589
321878
2134638621
321878
1683030076
322292
2135490589
322292
2134638621
322499
1682767963
322706
2135490589
322706
2134638621
322706
1683030076
323119
2135490589
323119
2134638621
323326
1682767963
323326
1683030076
323740
2135490589
323740
2134638621
323740
1682964573
323947
2135490589
323947
2134638621
324154
1682767963
324154
1682833500
324361
2135490589
324361
2134638621
324568
2135490589
324568
2134638621
324568
1683030076
324982
1682767963
324982
1682833500
325188
2135490589
325188
2134638621
325395
1682833500
325602
2135490589
325602
2134638621
325809
1682767963
325809
1682833500
326016
2135490589
326016
2134638621
326223
2135490589
326223
2134638621
326223
1682833500
326533
2135490589
326533
2134638621
326637
1682767963
326637
1683030076
326844
2135490589
326844
2134638621
327050
2135490589
327050
2134638621
327050
1682833500
327361
2135490589
327361
2134638621
327464
1682767963
327464
1683030076
327671
2135490589
327671
2134638621
327878
2135490589
327878
2134638621
327878
1682964573
328292
1682767963
328292
1682833500
328498
2135490589
328498
2134638621
328706
1682833500
328913
2135490589
328913
2134638621
329119
1682767963
329119
1682833500
329326
2135490589
329326
2134638621
329533
2135490589
329533
2134638621
329533
1682833500
329740
1682767963
329843
1682767963
329947
2135490589
329947
2134638621
329947
1682767963
330154
1682767963
330257
1682767963
330361
2135490589
330361
2134638621
330361
1682767963
330568
1682767963
330671
1682767963
330775
2135490589
330775
2134638621
330775
1682767963
330878
1682767963
330982
1682767963
331085
1682767963
331188
2135490589
331188
2134638621
331188
1683030076
331602
1683030076
331809
2135490589
331809
2134638621
332016
1682767963
332016
1683030076
332430
1683030076
332637
2135490589
332637
2134638621
332844
1683030076
333050
2135490589
333050
2134638621
333257
2135490589
333257
2134638621
333257
1683030076
333464
2135490589
333464
2134638621
333671
1682767963
333671
1683030076
333878
2135490589
333878
2134638621
334085
2135490589
334085
2134638621
334085
1683030076
334292
2135490589
334292
2134638621
334499
2135490589
334499
2134638621
334499
1682833500
334499
1683030076
334913
1683030076
335119
2135490589
335119
2134638621
335326
1682767963
335326
1683030076
335740
1683030076
335947
2135490589
335947
2134638621
336154
1683030076
336361
2135490589
336361
2134638621
336568
2135490589
336568
2134638621
336568
1683030076
336982
1682767963
336982
1683030076
337188
2135490589
337188
2134638621
337395
2135490589
337395
2134638621
337395
1683030076
337602
2135490589
337602
2134638621
337809
2135490589
337809
2134638621
337809
1682833500
337809
1683030076
338223
1683030076
338430
2135490589
338430
2134638621
338637
1682767963
338637
1683030076
339050
1683030076
339257
2135490589
339257
2134638621
339464
1683030076
339671
2135490589
339671
2134638621
339878
2135490589
339878
2134638621
339878
1683030076
340085
2135490589
340085
2134638621
340292
1682767963
340292
1683030076
340499
2135490589
340499
2134638621
340706
2135490589
340706
2134638621
340706
1683030076
340913
2135490589
340913
2134638621
341119
2135490589
341119
2134638621
341119
1682833500
341119
1683030076
341533
1683030076
341740
2135490589
341740
2134638621
341947
1682767963
341947
1683030076
342361
1683030076
342568
2135490589
342568
2134638621
342775
1683030076
342982
2135490589
342982
2134638621
343188
2135490589
343188
2134638621
343188
1683030076
343395
2135490589
343395
2134638621
343602
1682767963
343602
1682964573
343809
1681850426
343809
1682702394
343913
1681850426
343913
1682702394
344016
1682636859
344016
1681784891
344119
1682636859
344119
1681784891
344223
2135556125
344223
2134704157
344326
2135556125
344326
2134704157
344430
2135490589
344430
2134638621
344430
1683030076
344844
1683030076
345050
2135490589
345050
2134638621
345257
1682767963
345257
1683030076
345671
1683030076
345878
2135490589
345878
2134638621
346085
1683030076
346291
2135490589
346291
2134638621
346499
2135490589
346499
2134638621
346499
1683030076
346706
2135490589
346706
2134638621
346913
1682767963
346913
1683030076
347119
2135490589
347119
2134638621
347326
2135490589
347326
2134638621
347326
1683030076
347533
2135490589
347533
2134638621
347740
2135490589
347740
2134638621
347740
1682833500
347740
1683030076
348154
1683030076
348360
2135490589
348360
2134638621
348568
1682767963
348568
1683030076
348982
1683030076
349188
2135490589
349188
2134638621
349395
1683030076
349602
2135490589
349602
2134638621
349809
2135490589
349809
2134638621
349809
1683030076
350223
1682767963
350223
1683030076
350429
2135490589
350429
2134638621
350637
2135490589
350637
2134638621
350637
1683030076
350844
2135490589
350844
2134638621
351050
2135490589
351050
2134638621
351050
1682833500
351050
1683030076
351464
1683030076
351671
2135490589
351671
2134638621
351878
1682767963
351878
1683030076
352292
1683030076
352499
2135490589
352499
2134638621
352706
1683030076
352912
2135490589
352912
2134638621
353119
2135490589
353119
2134638621
353119
1683030076
353326
2135490589
353326
2134638621
353533
1682767963
353533
1683030076
353740
2135490589
353740
2134638621
353947
2135490589
353947
2134638621
353947
1683030076
354154
2135490589
354154
2134638621
354361
2135490589
354361
2134638621
354361
1682833500
354361
1683030076
354775
1683030076
354981
2135490589
354981
2134638621
355188
1682767963
355188
1683030076
355602
1683030076
355809
2135490589
355809
2134638621
355809
1682833500
356223
2135490589
356223
2134638621
356223
1682833500
356430
2135490589
356430
2134638621
356430
1682833500
