7410
1682636859
7410
1681784891
7410
2135556125
7410
2134704157
7580
1682636859
7580
1681784891
7580
2135556125
7580
2134704157
7922
1682636859
7922
1681784891
7922
2135556125
7922
2134704157
8092
1682636859
8092
1681784891
8092
2135556125
8092
2134704157
8434
1682767963
8434
1683030076
8946
2135490589
8946
2134638621
9458
2135490589
9458
2134638621
9970
2135490589
9970
2134638621
10481
2135490589
10481
2134638621
10993
2135490589
10993
2134638621
11505
1682636859
11505
1681784891
11505
2135556125
11505
2134704157
11676
1682636859
11676
1681784891
11676
2135556125
11676
2134704157
12017
1682636859
12017
1681784891
12017
2135556125
12017
2134704157
12188
1682636859
12188
1681784891
12188
2135556125
12188
2134704157
12529
1682767963
12529
1683030076
13041
2135490589
13041
2134638621
13553
2135490589
13553
2134638621
14054
2135490589
14054
2134638621
14554
2135490589
14554
2134638621
15055
2135490589
15055
2134638621
15556
1682636859
15556
1681784891
15556
2135556125
15556
2134704157
15723
1682636859
15723
1681784891
15723
2135556125
15723
2134704157
16056
1682636859
16056
1681784891
16056
2135556125
16056
2134704157
16234
1682636859
16234
1681784891
16234
2135556125
16234
2134704157
16590
1682767963
16590
1683030076
17124
2135490589
17124
2134638621
17623
2135490589
17623
2134638621
18122
2135490589
18122
2134638621
18621
2135490589
18621
2134638621
19120
2135490589
19120
2134638621
19619
1682636859
19619
1681784891
19619
2135556125
19619
2134704157
19786
1682636859
19786
1681784891
19786
2135556125
19786
2134704157
20118
1682636859
20118
1681784891
20118
2135556125
20118
2134704157
20296
1682636859
20296
1681784891
20296
2135556125
20296
2134704157
20650
1682767963
20650
1683030076
21182
2135490589
21182
2134638621
21680
2135490589
21680
2134638621
22178
2135490589
22178
2134638621
22676
2135490589
22676
2134638621
23175
2135490589
23175
2134638621
23675
1682636859
23675
1681784891
23675
2135556125
23675
2134704157
23841
1682636859
23841
1681784891
23841
2135556125
23841
2134704157
24174
1682636859
24174
1681784891
24174
2135556125
24174
2134704157
24352
1682636859
24352
1681784891
24352
2135556125
24352
2134704157
24709
2135490589
24709
2134638621
24709
1683030076
25221
1682767963
25221
1682833500
25734
2135490589
25734
2134638621
25734
1682833500
26246
1682767963
26246
1682833500
26759
2135490589
26759
2134638621
26759
1682833500
27268
1682767963
27268
1682833500
27777
2135490589
27777
2134638621
27777
1682833500
28287
1682767963
28287
1682833500
28541
2135490589
28541
2134638621
28796
2135490589
28796
2134638621
28796
1682833500
29305
1682767963
29305
1683030076
29815
2135490589
29815
2134638621
29815
1682833500
30324
1682767963
30324
1682833500
30833
2135490589
30833
2134638621
30833
1682833500
31342
1682767963
31342
1682833500
31852
2135490589
31852
2134638621
31852
1682833500
32361
1682767963
32361
1682833500
32616
2135490589
32616
2134638621
32870
2135490589
32870
2134638621
32870
1682833500
33380
1682767963
33380
1683030076
33889
2135490589
33889
2134638621
33889
1682833500
34398
1682767963
34398
1682833500
34904
2135490589
34904
2134638621
34904
1682833500
35410
1682767963
35410
1682833500
35916
2135490589
35916
2134638621
35916
1682833500
36422
1682767963
36422
1682833500
36673
2135490589
36673
2134638621
36928
2135490589
36928
2134638621
36928
1682833500
37434
1682767963
37434
1683030076
37940
2135490589
37940
2134638621
37940
1682833500
38445
1682767963
38445
1682833500
38699
1682767963
38951
1682767963
39205
1681850426
39205
1682702394
39457
1681850426
39457
1682702394
39794
1682767963
39879
1682767963
39963
1682767963
40216
1682636859
40216
1681784891
40469
2135556125
40469
2134704157
40975
2135490589
40975
2134638621
40975
1683030076
41493
1682767963
41493
1682833500
42010
2135490589
42010
2134638621
42010
1682833500
42526
1682767963
42526
1682833500
43041
2135490589
43041
2134638621
43041
1682833500
43550
1682767963
43550
1682833500
44059
2135490589
44059
2134638621
44059
1682833500
44567
1682767963
44567
1682833500
44821
2135490589
44821
2134638621
45076
2135490589
45076
2134638621
45076
1682833500
45585
1682767963
45585
1683030076
46093
2135490589
46093
2134638621
46093
1682833500
46602
1682767963
46602
1682833500
47111
2135490589
47111
2134638621
47111
1682833500
47619
1682767963
47619
1682833500
48128
2135490589
48128
2134638621
48128
1682833500
48637
1682767963
48637
1682833500
48891
2135490589
48891
2134638621
49146
2135490589
49146
2134638621
49146
1682833500
49654
1682767963
49654
1683030076
50163
2135490589
50163
2134638621
50163
1682833500
50672
1682767963
50672
1682833500
51180
2135490589
51180
2134638621
51180
1682833500
51688
1682767963
51688
1682833500
52196
2135490589
52196
2134638621
52196
1682833500
52704
1682767963
52704
1682833500
52958
2135490589
52958
2134638621
53212
2135490589
53212
2134638621
53212
1682833500
53720
1682767963
53720
1683030076
54227
2135490589
54227
2134638621
54227
1682833500
54735
1682767963
54735
1682833500
55243
1682767963
55243
1683030076
55497
2135490589
55497
2134638621
55751
2135490589
55751
2134638621
56003
2135490589
56003
2134638621
56259
1682767963
56512
1681850426
56512
1682702394
56767
1682636859
56767
1681784891
57021
2135556125
57021
2134704157
57275
2135490589
57275
2134638621
57275
1683030076
57782
1682767963
57782
1682833500
58290
2135490589
58290
2134638621
58290
1682833500
58798
1682767963
58798
1682833500
59306
2135490589
59306
2134638621
59306
1682833500
59803
1682767963
59803
1682833500
60300
2135490589
60300
2134638621
60300
1682833500
60797
2135490589
60797
2134638621
60797
1682833500
61060
1682767963
61060
1683030076
61326
2135490589
61326
2134638621
61326
1682833500
61833
1682767963
61833
1682833500
62340
2135490589
62340
2134638621
62340
1682833500
62847
1682767963
62847
1682833500
63354
2135490589
63354
2134638621
63354
1682833500
63861
1682767963
63861
1682833500
64368
2135490589
64368
2134638621
64368
1682833500
64875
2135490589
64875
2134638621
64875
1682833500
65128
1682767963
65128
1683030076
65382
2135490589
65382
2134638621
65382
1682833500
65889
1682767963
65889
1682833500
66395
2135490589
66395
2134638621
66395
1682833500
66902
1682767963
66902
1682833500
67409
2135490589
67409
2134638621
67409
1682833500
67916
1682767963
67916
1682833500
68423
2135490589
68423
2134638621
68423
1682833500
68930
2135490589
68930
2134638621
68930
1682833500
69184
1682767963
69184
1683030076
69437
2135490589
69437
2134638621
69437
1682833500
69944
1682767963
69944
1682833500
70451
2135490589
70451
2134638621
70451
1682833500
70958
1682767963
70958
1682833500
71465
2135490589
71465
2134638621
71465
1682833500
71972
1682767963
71972
1682833500
72479
2135490589
72479
2134638621
72479
1682833500
72986
2135490589
72986
2134638621
72986
1682833500
73240
1682767963
73240
1683030076
73493
2135490589
73493
2134638621
73493
1682833500
74000
1682767963
74000
1682833500
74507
2135490589
74507
2134638621
74507
1682833500
75014
1682767963
75014
1682833500
75521
2135490589
75521
2134638621
75521
1682833500
76028
1682767963
76028
1682833500
76535
2135490589
76535
2134638621
76535
1682833500
77042
1682767963
77042
1682833500
77549
2135490589
77549
2134638621
77549
1683030076
78073
1682767963
78073
1682833500
78597
2135490589
78597
2134638621
78597
1682833500
79121
1682767963
79121
1682833500
79617
2135490589
79617
2134638621
79617
1682833500
80113
1682767963
80113
1682833500
80610
2135490589
80610
2134638621
80610
1682833500
81106
1682767963
81106
1683030076
81602
2135490589
81602
2134638621
81602
1683030076
82114
1682767963
82114
1682833500
82626
2135490589
82626
2134638621
82626
1682833500
83138
1682767963
83138
1682833500
83630
1682767963
83691
1682636859
83691
1681784891
83752
1682636859
83752
1681784891
83875
2135490589
83875
2134638621
83998
2135490589
83998
2134638621
84121
1682767963
84121
1683030076
84652
1682767963
84717
1682636859
84717
1681784891
84783
1682636859
84783
1681784891
84917
2135490589
84917
2134638621
85051
2135490589
85051
2134638621
85183
1682767963
85183
1683030076
85714
2135490589
85714
2134638621
85714
1683030076
86223
1682767963
86223
1682833500
86731
2135490589
86731
2134638621
86731
1682833500
87240
1682767963
87240
1682833500
87749
2135490589
87749
2134638621
87749
1682833500
88258
1682767963
88258
1682833500
88767
2135490589
88767
2134638621
88767
1682833500
89276
1682767963
89276
1682833500
89785
2135490589
89785
2134638621
89785
1683030076
90293
1682767963
90293
1682833500
90802
2135490589
90802
2134638621
90802
1682833500
91312
1682767963
91312
1682833500
91821
2135490589
91821
2134638621
91821
1682833500
92161
2135490589
92161
2134638621
92246
2135490589
92246
2134638621
92330
1682767963
92330
1683030076
92840
2135490589
92840
2134638621
92840
1682833500
93180
2135490589
93180
2134638621
93264
2135490589
93264
2134638621
93349
1682767963
93349
1683030076
93859
2135490589
93859
2134638621
93859
1683030076
94368
1682767963
94368
1682833500
94878
2135490589
94878
2134638621
94878
1682833500
95387
1682767963
95387
1682833500
95896
2135490589
95896
2134638621
95896
1682833500
96406
1682767963
96406
1682833500
96915
2135490589
96915
2134638621
96915
1682833500
97425
1682767963
97425
1682833500
97939
2135490589
97939
2134638621
97939
1683030076
98453
1682767963
98453
1682833500
98968
2135490589
98968
2134638621
98968
1682833500
99466
1682767963
99466
1682833500
99964
2135490589
99964
2134638621
99964
1682833500
100462
1682767963
100462
1683030076
100961
2135490589
100961
2134638621
100961
1682833500
101303
2135490589
101303
2134638621
101389
2135490589
101389
2134638621
101475
1682767963
101475
1683030076
101989
2135490589
101989
2134638621
101989
1683030076
102501
1682767963
102501
1682833500
103014
2135490589
103014
2134638621
103014
1682833500
103527
1682767963
103527
1682833500
104040
2135490589
104040
2134638621
104040
1682833500
104552
1682767963
104552
1682833500
105065
2135490589
105065
2134638621
105065
1682833500
105578
1682767963
105578
1682833500
106081
2135490589
106081
2134638621
106081
1683030076
106585
1682767963
106585
1682833500
107088
2135490589
107088
2134638621
107088
1682833500
107592
1682767963
107592
1682833500
108095
1682767963
108431
1682767963
108598
1682767963
108723
1681850426
108723
1682702394
109102
1682636859
109102
1681784891
109437
1682636859
109437
1681784891
109605
1682636859
109605
1681784891
109773
2135556125
109773
2134704157
110109
2135490589
110109
2134638621
110109
1683030076
110617
1682767963
110617
1682833500
111126
2135490589
111126
2134638621
111126
1682833500
111635
1682767963
111635
1682833500
112144
2135490589
112144
2134638621
112144
1682833500
112652
1682767963
112652
1682833500
113161
2135490589
113161
2134638621
113161
1682833500
113499
2135490589
113499
2134638621
113670
1682767963
113670
1683030076
114178
2135490589
114178
2134638621
114178
1683030076
114687
1682767963
114687
1682833500
115196
2135490589
115196
2134638621
115196
1682833500
115704
1682767963
115704
1682833500
116213
1682636859
116213
1681784891
116384
1682636859
116384
1681784891
116555
1682636859
116555
1681784891
116726
1682767963
116897
1682636859
116897
1681784891
117068
1682636859
117068
1681784891
117239
2135490589
117239
2134638621
117239
1683030076
117581
2135490589
117581
2134638621
117581
1683030076
117923
2135490589
117923
2134638621
117923
1683030076
118265
2135490589
118265
2134638621
118265
1683030076
118774
1682767963
118774
1682833500
119282
2135490589
119282
2134638621
119282
1682833500
119791
1682767963
119791
1682833500
120300
2135490589
120300
2134638621
120300
1682833500
120802
1682767963
120802
1682833500
121305
2135490589
121305
2134638621
121305
1682833500
121638
2135490589
121638
2134638621
121807
1682767963
121807
1683030076
122309
2135490589
122309
2134638621
122309
1683030076
122816
1682767963
122816
1682833500
123322
2135490589
123322
2134638621
123322
1682833500
123829
1682767963
123829
1682833500
124335
1682636859
124335
1681784891
124505
1682636859
124505
1681784891
124673
1682636859
124673
1681784891
124842
1682767963
125011
1682636859
125011
1681784891
125179
1682636859
125179
1681784891
125348
2135490589
125348
2134638621
125348
1683030076
125703
2135490589
125703
2134638621
125703
1683030076
126059
2135490589
126059
2134638621
126059
1683030076
126414
2135490589
126414
2134638621
126414
1683030076
126927
1682767963
126927
1682833500
127440
2135490589
127440
2134638621
127440
1682833500
127953
1682767963
127953
1682833500
128465
2135490589
128465
2134638621
128465
1682833500
128978
1682767963
128978
1682833500
129491
2135490589
129491
2134638621
129491
1682833500
129996
1682767963
129996
1682833500
130501
2135490589
130501
2134638621
130501
1683030076
131006
1682767963
131006
1682833500
131511
2135490589
131511
2134638621
131511
1682833500
132015
1682767963
132015
1682833500
132516
1682767963
132849
1682767963
132934
1682767963
133017
1682767963
133329
2135490589
133329
2134638621
133518
2135490589
133518
2134638621
133852
2135490589
133852
2134638621
134019
1682767963
134019
1683030076
134534
2135490589
134534
2134638621
134534
1683030076
135070
1682767963
135070
1682833500
135607
2135490589
135607
2134638621
135607
1682833500
136111
1682767963
136111
1682833500
136616
2135490589
136616
2134638621
136616
1682833500
137121
1682767963
137121
1682833500
137625
2135490589
137625
2134638621
137625
1682833500
138130
1682767963
138130
1682833500
138641
2135490589
138641
2134638621
138641
1683030076
139151
1682767963
139151
1682833500
139662
2135490589
139662
2134638621
139662
1682833500
140173
1682767963
140173
1682833500
140683
2135490589
140683
2134638621
140683
1682833500
141017
2135490589
141017
2134638621
141100
2135490589
141100
2134638621
141184
1682767963
141184
1683030076
141684
2135490589
141684
2134638621
141684
1682833500
142025
2135490589
142025
2134638621
142109
2135490589
142109
2134638621
142196
1682767963
142196
1683030076
142709
2135490589
142709
2134638621
142709
1683030076
143221
1682767963
143221
1682833500
143733
2135490589
143733
2134638621
143733
1682833500
144246
1682767963
144246
1682833500
144758
2135490589
144758
2134638621
144758
1682833500
145271
1682767963
145271
1682833500
145783
2135490589
145783
2134638621
145783
1682833500
146296
1682767963
146296
1682833500
146808
2135490589
146808
2134638621
146808
1683030076
147321
1682767963
147321
1682833500
147813
2135490589
147813
2134638621
147813
1682833500
148306
1682767963
148306
1682833500
148634
1682767963
148716
1682767963
148798
1682767963
149294
1682767963
149294
1683030076
149625
1682767963
149708
1682767963
149791
1682767963
150303
1682767963
150303
1683030076
150815
2135490589
150815
2134638621
150815
1683030076
151328
1682767963
151328
1682833500
151840
2135490589
151840
2134638621
151840
1682833500
152353
1682767963
152353
1682833500
152865
2135490589
152865
2134638621
152865
1682833500
153377
1682767963
153377
1682833500
153890
2135490589
153890
2134638621
153890
1682833500
154402
1682767963
154402
1682833500
154915
2135490589
154915
2134638621
154915
1683030076
155423
1682767963
155423
1682833500
155932
2135490589
155932
2134638621
155932
1682833500
156441
1682767963
156441
1682833500
156949
1682767963
157329
1682767963
157458
1682767963
157627
1681850426
157627
1682702394
157966
1682636859
157966
1681784891
158304
1682636859
158304
1681784891
158475
1682636859
158475
1681784891
158645
2135556125
158645
2134704157
158983
2135490589
158983
2134638621
158983
1683030076
159492
1682767963
159492
1682833500
160001
2135490589
160001
2134638621
160001
1682833500
160509
1682767963
160509
1682833500
161018
2135490589
161018
2134638621
161018
1682833500
161526
1682767963
161526
1682833500
162035
2135490589
162035
2134638621
162035
1682833500
162374
2135490589
162374
2134638621
162544
1682767963
162544
1683030076
163052
2135490589
163052
2134638621
163052
1683030076
163561
1682767963
163561
1682833500
164069
2135490589
164069
2134638621
164069
1682833500
164566
1682767963
164566
1682833500
165063
1682636859
165063
1681784891
165228
1682636859
165228
1681784891
165394
1682636859
165394
1681784891
165559
1682767963
165725
1682636859
165725
1681784891
165891
1682636859
165891
1681784891
166056
2135490589
166056
2134638621
166056
1683030076
166412
2135490589
166412
2134638621
166412
1683030076
166768
2135490589
166768
2134638621
166768
1683030076
167124
2135490589
167124
2134638621
167124
1683030076
167632
1682767963
167632
1682833500
168140
2135490589
168140
2134638621
168140
1682833500
168647
1682767963
168647
1682833500
169155
2135490589
169155
2134638621
169155
1682833500
169663
1682767963
169663
1682833500
170170
2135490589
170170
2134638621
170170
1682833500
170508
2135490589
170508
2134638621
170678
1682767963
170678
1683030076
171186
2135490589
171186
2134638621
171186
1683030076
171688
1682767963
171688
1682833500
172190
2135490589
172190
2134638621
172190
1682833500
172691
1682767963
172691
1682833500
173193
1682636859
173193
1681784891
173360
1682636859
173360
1681784891
173528
1682636859
173528
1681784891
173695
1682767963
173877
1682636859
173877
1681784891
174058
1682636859
174058
1681784891
174240
2135490589
174240
2134638621
174240
1683030076
174579
2135490589
174579
2134638621
174579
1683030076
174918
2135490589
174918
2134638621
174918
1683030076
175257
2135490589
175257
2134638621
175257
1683030076
175768
1682767963
175768
1682833500
176279
2135490589
176279
2134638621
176279
1682833500
176790
1682767963
176790
1682833500
177301
2135490589
177301
2134638621
177301
1683030076
177813
1682767963
177813
1682833500
178324
2135490589
178324
2134638621
178324
1682833500
178835
1682767963
178835
1682833500
179346
2135490589
179346
2134638621
179346
1683030076
179857
1682767963
179857
1682833500
180368
2135490589
180368
2134638621
180368
1682833500
180878
1682767963
180878
1682833500
181387
1682636859
181387
1681784891
181387
2135556125
181387
2134704157
181896
1682636859
181896
1681784891
181896
2135556125
181896
2134704157
182065
1682636859
182065
1681784891
182065
2135556125
182065
2134704157
182236
1682636859
182236
1681784891
182236
2135556125
182236
2134704157
182405
1682636859
182405
1681784891
182405
2135556125
182405
2134704157
182915
1682636859
182915
1681784891
182915
2135556125
182915
2134704157
183085
1682636859
183085
1681784891
183085
2135556125
183085
2134704157
183254
1682636859
183254
1681784891
183254
2135556125
183254
2134704157
183424
2135490589
183424
2134638621
183424
1683030076
183933
1682767963
183933
1682833500
184442
2135490589
184442
2134638621
184442
1682833500
184953
1682767963
184953
1682833500
185464
2135490589
185464
2134638621
185464
1683030076
185974
1682767963
185974
1682833500
186485
2135490589
186485
2134638621
186485
1682833500
186996
1682767963
186996
1682833500
187507
2135490589
187507
2134638621
187507
1683030076
188017
1682767963
188017
1682833500
188528
2135490589
188528
2134638621
188528
1682833500
189039
1682767963
189039
1682833500
189549
2135490589
189549
2134638621
189549
1683030076
190060
1682767963
190060
1682833500
190571
2135490589
190571
2134638621
190571
1682833500
191079
1682767963
191079
1682833500
191587
2135490589
191587
2134638621
191587
1683030076
192094
1682767963
192094
1682833500
192602
2135490589
192602
2134638621
192602
1682833500
193110
1682767963
193110
1682833500
193618
1682636859
193618
1681784891
193618
2135556125
193618
2134704157
194126
1682636859
194126
1681784891
194126
2135556125
194126
2134704157
194295
1682636859
194295
1681784891
194295
2135556125
194295
2134704157
194465
1682636859
194465
1681784891
194465
2135556125
194465
2134704157
194634
1682636859
194634
1681784891
194634
2135556125
194634
2134704157
195142
1682636859
195142
1681784891
195142
2135556125
195142
2134704157
195311
1682636859
195311
1681784891
195311
2135556125
195311
2134704157
195480
1682636859
195480
1681784891
195480
2135556125
195480
2134704157
195650
2135490589
195650
2134638621
195650
1683030076
196160
1682767963
196160
1682833500
196670
2135490589
196670
2134638621
196670
1682833500
197181
1682767963
197181
1682833500
197691
2135490589
197691
2134638621
197691
1683030076
198201
1682767963
198201
1682833500
198711
2135490589
198711
2134638621
198711
1682833500
199222
1682767963
199222
1682833500
199732
2135490589
199732
2134638621
199732
1683030076
200242
1682767963
200242
1682833500
200753
2135490589
200753
2134638621
200753
1682833500
201263
1682767963
201263
1682833500
201773
2135490589
201773
2134638621
201773
1682833500
202284
1682767963
202284
1682833500
202794
2135490589
202794
2134638621
202794
1682833500
203304
1682767963
203304
1682833500
203814
2135490589
203814
2134638621
203814
1683030076
204325
1682767963
204325
1682833500
204835
2135490589
204835
2134638621
204835
1682833500
205338
1682767963
205338
1682833500
205841
1682767963
206217
1682636859
206217
1681784891
206281
1682636859
206281
1681784891
206344
2135490589
206344
2134638621
206407
2135490589
206407
2134638621
206722
1682636859
206722
1681784891
206785
1682636859
206785
1681784891
206847
2135490589
206847
2134638621
206910
2135490589
206910
2134638621
207162
2135490589
207162
2134638621
207350
1682767963
207350
1683030076
207895
2135490589
207895
2134638621
207895
1683030076
208400
1682767963
208400
1682833500
208905
2135490589
208905
2134638621
208905
1682833500
209410
1682767963
209410
1682833500
209914
2135490589
209914
2134638621
209914
1682833500
210419
1682767963
210419
1682833500
210924
2135490589
210924
2134638621
210924
1682833500
211429
1682767963
211429
1682833500
211934
2135490589
211934
2134638621
211934
1682833500
212270
2135490589
212270
2134638621
212439
1682767963
212439
1683030076
212944
2135490589
212944
2134638621
212944
1682833500
213284
2135490589
213284
2134638621
213454
1682767963
213454
1683030076
213964
2135490589
213964
2134638621
213964
1682833500
214304
2135490589
214304
2134638621
214474
1682767963
214474
1683030076
214984
2135490589
214984
2134638621
214984
1682833500
215323
2135490589
215323
2134638621
215494
1682767963
215494
1683030076
216004
2135490589
216004
2134638621
216004
1683030076
216513
1682767963
216513
1682833500
217023
2135490589
217023
2134638621
217023
1682833500
217533
1682767963
217533
1682833500
218043
2135490589
218043
2134638621
218043
1682833500
218554
1682767963
218554
1682833500
219065
2135490589
219065
2134638621
219065
1682833500
219576
1682767963
219576
1682833500
220087
2135490589
220087
2134638621
220087
1683030076
220597
1682767963
220597
1682833500
221108
2135490589
221108
2134638621
221108
1682833500
221619
1682767963
221619
1682833500
222002
1682767963
222066
1682767963
222130
1682767963
222513
1682636859
222513
1681784891
222577
1682636859
222577
1681784891
222641
2135490589
222641
2134638621
222705
2135490589
222705
2134638621
223022
1682636859
223022
1681784891
223085
1682636859
223085
1681784891
223149
2135490589
223149
2134638621
223213
2135490589
223213
2134638621
223530
1682636859
223530
1681784891
223594
1682636859
223594
1681784891
223658
2135490589
223658
2134638621
223722
2135490589
223722
2134638621
224166
2135490589
224166
2134638621
224166
1683030076
224679
1682767963
224679
1682833500
225191
2135490589
225191
2134638621
225191
1682833500
225704
1682767963
225704
1682833500
226216
2135490589
226216
2134638621
226216
1682833500
226728
1682767963
226728
1682833500
227241
2135490589
227241
2134638621
227241
1682833500
227744
1682767963
227744
1682833500
228247
2135490589
228247
2134638621
228247
1683030076
228750
1682767963
228750
1682833500
229254
2135490589
229254
2134638621
229254
1682833500
229757
1682767963
229757
1682833500
230260
1682767963
230595
1682767963
230763
1682767963
230931
1681850426
230931
1682702394
231266
1682636859
231266
1681784891
231602
1682636859
231602
1681784891
231769
1682636859
231769
1681784891
231937
2135556125
231937
2134704157
232273
2135490589
232273
2134638621
232273
1683030076
232787
1682767963
232787
1682833500
233301
2135490589
233301
2134638621
233301
1682833500
233809
1682767963
233809
1682833500
234318
2135490589
234318
2134638621
234318
1682833500
234826
1682767963
234826
1682833500
235334
2135490589
235334
2134638621
235334
1682833500
235652
2135490589
235652
2134638621
235843
1682767963
235843
1683030076
236351
2135490589
236351
2134638621
236351
1683030076
236860
1682767963
236860
1682833500
237368
2135490589
237368
2134638621
237368
1682833500
237877
1682767963
237877
1682833500
238385
1682636859
238385
1681784891
238557
1682636859
238557
1681784891
238731
1682636859
238731
1681784891
238903
1682767963
239076
1682636859
239076
1681784891
239247
1682636859
239247
1681784891
239420
2135490589
239420
2134638621
239420
1683030076
239772
2135490589
239772
2134638621
239772
1683030076
240124
2135490589
240124
2134638621
240124
1683030076
240476
2135490589
240476
2134638621
240476
1683030076
240976
1682767963
240976
1682833500
241475
2135490589
241475
2134638621
241475
1682833500
241975
1682767963
241975
1682833500
242474
2135490589
242474
2134638621
242474
1682833500
242974
1682767963
242974
1682833500
243473
2135490589
243473
2134638621
243473
1682833500
243785
2135490589
243785
2134638621
243973
1682767963
243973
1683030076
244483
2135490589
244483
2134638621
244483
1683030076
244993
1682767963
244993
1682833500
245504
2135490589
245504
2134638621
245504
1682833500
246014
1682767963
246014
1682833500
246525
1682636859
246525
1681784891
246695
1682636859
246695
1681784891
246864
1682636859
246864
1681784891
247035
1682767963
247206
1682636859
247206
1681784891
247376
1682636859
247376
1681784891
247546
2135490589
247546
2134638621
247546
1683030076
247886
2135490589
247886
2134638621
247886
1683030076
248226
2135490589
248226
2134638621
248226
1683030076
248567
2135490589
248567
2134638621
248567
1683030076
249617
1682636859
249617
1681784891
249617
2135556125
249617
2134704157
249967
1682636859
249967
1681784891
249967
2135556125
249967
2134704157
250667
1682767963
250667
1683030076
251753
1682636859
251753
1681784891
251753
2135556125
251753
2134704157
252107
1682636859
252107
1681784891
252107
2135556125
252107
2134704157
252815
1682636859
252815
1681784891
252815
2135556125
252815
2134704157
253162
1682636859
253162
1681784891
253162
2135556125
253162
2134704157
253856
1682767963
253856
1683030076
255094
1682636859
255094
1681784891
255094
2135556125
255094
2134704157
255428
1682636859
255428
1681784891
255428
2135556125
255428
2134704157
256096
1682767963
256096
1683030076
257317
1682636859
257317
1681784891
257317
2135556125
257317
2134704157
257662
1682636859
257662
1681784891
257662
2135556125
257662
2134704157
258333
1682636859
258333
1681784891
258333
2135556125
258333
2134704157
258683
1682636859
258683
1681784891
258683
2135556125
258683
2134704157
259384
1682767963
259384
1683030076
260635
1682636859
260635
1681784891
260635
2135556125
260635
2134704157
260978
1682636859
260978
1681784891
260978
2135556125
260978
2134704157
261663
1682767963
261663
1683030076
262840
1682636859
262840
1681784891
262840
2135556125
262840
2134704157
263172
1682636859
263172
1681784891
263172
2135556125
263172
2134704157
263836
1682636859
263836
1681784891
263836
2135556125
263836
2134704157
264188
1682636859
264188
1681784891
264188
2135556125
264188
2134704157
264892
1682767963
264892
1683030076
266128
1682636859
266128
1681784891
266128
2135556125
266128
2134704157
266463
1682636859
266463
1681784891
266463
2135556125
266463
2134704157
267134
1682767963
267134
1683030076
268411
1682636859
268411
1681784891
268411
2135556125
268411
2134704157
268768
1682636859
268768
1681784891
268768
2135556125
268768
2134704157
269365
1682636859
269365
1681784891
269365
2135556125
269365
2134704157
269722
1682636859
269722
1681784891
269722
2135556125
269722
2134704157
270319
1682767963
270319
1683030076
271627
1682636859
271627
1681784891
271627
2135556125
271627
2134704157
271972
1682636859
271972
1681784891
271972
2135556125
271972
2134704157
272663
1682767963
272663
1683030076
273921
1682636859
273921
1681784891
273921
2135556125
273921
2134704157
274299
1682636859
274299
1681784891
274299
2135556125
274299
2134704157
274930
1682636859
274930
1681784891
274930
2135556125
274930
2134704157
275307
1682636859
275307
1681784891
275307
2135556125
275307
2134704157
275937
1682767963
275937
1683030076
277200
1682636859
277200
1681784891
277200
2135556125
277200
2134704157
277540
1682636859
277540
1681784891
277540
2135556125
277540
2134704157
278217
1682767963
278217
1683030076
279480
1682636859
279480
1681784891
279480
2135556125
279480
2134704157
279857
1682636859
279857
1681784891
279857
2135556125
279857
2134704157
280485
1682636859
280485
1681784891
280485
2135556125
280485
2134704157
280862
1682636859
280862
1681784891
280862
2135556125
280862
2134704157
281490
1682767963
281490
1683030076
282831
1682636859
282831
1681784891
282831
2135556125
282831
2134704157
283162
1682636859
283162
1681784891
283162
2135556125
283162
2134704157
283824
1682767963
283824
1683030076
285148
1682636859
285148
1681784891
285148
2135556125
285148
2134704157
285524
1682636859
285524
1681784891
285524
2135556125
285524
2134704157
286152
1682636859
286152
1681784891
286152
2135556125
286152
2134704157
286528
1682636859
286528
1681784891
286528
2135556125
286528
2134704157
287157
1682767963
287157
1683030076
288423
1682636859
288423
1681784891
288423
2135556125
288423
2134704157
288752
1682636859
288752
1681784891
288752
2135556125
288752
2134704157
289410
1682767963
289410
1683030076
290709
1682636859
290709
1681784891
290709
2135556125
290709
2134704157
291081
1682636859
291081
1681784891
291081
2135556125
291081
2134704157
291702
1682636859
291702
1681784891
291702
2135556125
291702
2134704157
292073
1682636859
292073
1681784891
292073
2135556125
292073
2134704157
292695
1682767963
292695
1683030076
294012
1682636859
294012
1681784891
294012
2135556125
294012
2134704157
294364
1682636859
294364
1681784891
294364
2135556125
294364
2134704157
295067
1682767963
295067
1683030076
296411
1682636859
296411
1681784891
296411
2135556125
296411
2134704157
296797
1682636859
296797
1681784891
296797
2135556125
296797
2134704157
297439
1682636859
297439
1681784891
297439
2135556125
297439
2134704157
297823
1682636859
297823
1681784891
297823
2135556125
297823
2134704157
298466
1682767963
298466
1683030076
299852
1682636859
299852
1681784891
299852
2135556125
299852
2134704157
300210
1682636859
300210
1681784891
300210
2135556125
300210
2134704157
300923
1682767963
300923
1683030076
302219
1682636859
302219
1681784891
302219
2135556125
302219
2134704157
302607
1682636859
302607
1681784891
302607
2135556125
302607
2134704157
303254
1682636859
303254
1681784891
303254
2135556125
303254
2134704157
303641
1682636859
303641
1681784891
303641
2135556125
303641
2134704157
304289
1682767963
304289
1683030076
