2465
2135490589
2465
2134638621
2465
1683030076
2676
2135490589
2676
2134638621
2676
1682833500
2887
1682833500
3309
2135490589
3309
2134638621
3309
1682767963
3309
1683030076
3418
2135490589
3418
2134638621
3527
2135490589
3527
2134638621
3636
2135490589
3636
2134638621
3746
2135490589
3746
2134638621
3746
1683030076
3855
2135490589
3855
2134638621
3964
2135490589
3964
2134638621
4074
2135490589
4074
2134638621
4183
2135490589
4183
2134638621
4183
1683030076
4620
2135490589
4620
2134638621
4620
1682833500
5057
2135490589
5057
2134638621
5057
1682767963
5057
1683030076
5166
2135490589
5166
2134638621
5274
2135490589
5274
2134638621
5384
2135490589
5384
2134638621
5494
2135490589
5494
2134638621
5494
1683030076
5603
2135490589
5603
2134638621
5713
2135490589
5713
2134638621
5823
2135490589
5823
2134638621
5931
2135490589
5931
2134638621
5931
1683030076
6149
2135490589
6149
2134638621
6149
1682833500
6368
1683030076
6805
2135490589
6805
2134638621
6805
1682767963
6805
1683030076
6914
2135490589
6914
2134638621
7023
2135490589
7023
2134638621
7133
2135490589
7133
2134638621
7242
2135490589
7242
2134638621
7242
1683030076
7351
2135490589
7351
2134638621
7460
2135490589
7460
2134638621
7570
2135490589
7570
2134638621
7679
2135490589
7679
2134638621
7679
1683030076
8116
2135490589
8116
2134638621
8116
1682833500
8444
2135490589
8444
2134638621
8553
1682767963
8662
1682767963
8771
1682767963
8881
1682767963
8990
1681850426
8990
1682702394
9099
1681850426
9099
1682702394
9208
1682636859
9208
1681784891
9318
1682636859
9318
1681784891
9427
2135490589
9427
2134638621
9427
1683030076
9645
2135490589
9645
2134638621
9645
1682833500
9864
1682833500
10301
2135490589
10301
2134638621
10301
1682767963
10301
1683030076
10410
2135490589
10410
2134638621
10519
2135490589
10519
2134638621
10629
2135490589
10629
2134638621
10738
2135490589
10738
2134638621
10738
1683030076
10847
2135490589
10847
2134638621
10956
2135490589
10956
2134638621
11066
2135490589
11066
2134638621
11175
2135490589
11175
2134638621
11175
1683030076
11598
2135490589
11598
2134638621
11598
1682833500
12021
2135490589
12021
2134638621
12021
1682767963
12021
1683030076
12130
2135490589
12130
2134638621
12239
2135490589
12239
2134638621
12348
2135490589
12348
2134638621
12457
2135490589
12457
2134638621
12457
1683030076
12566
2135490589
12566
2134638621
12674
2135490589
12674
2134638621
12784
2135490589
12784
2134638621
12892
2135490589
12892
2134638621
12892
1683030076
13109
2135490589
13109
2134638621
13109
1682833500
13327
1683030076
13762
2135490589
13762
2134638621
13762
1682767963
13762
1683030076
13872
2135490589
13872
2134638621
13982
2135490589
13982
2134638621
14091
2135490589
14091
2134638621
14201
2135490589
14201
2134638621
14201
1683030076
14311
2135490589
14311
2134638621
14420
2135490589
14420
2134638621
14530
2135490589
14530
2134638621
14640
2135490589
14640
2134638621
14640
1683030076
15078
2135490589
15078
2134638621
15078
1682833500
15407
2135490589
15407
2134638621
15517
1682767963
15627
1682767963
15736
1682767963
15846
1682767963
15955
1681850426
15955
1682702394
16063
1681850426
16063
1682702394
16174
1682636859
16174
1681784891
16284
1682636859
16284
1681784891
16394
2135490589
16394
2134638621
16394
2135556125
16394
2134704157
16848
1682833500
17076
2135490589
17076
2134638621
17151
2135490589
17151
2134638621
17227
2135490589
17227
2134638621
17303
1682767963
17303
1683030076
17758
1682833500
18099
1682767963
18155
1682767963
18212
2135490589
18212
2134638621
18212
1682833500
18554
2135490589
18554
2134638621
18667
1682833500
18894
2135490589
18894
2134638621
19122
1682767963
19235
1682964573
19349
1682964573
19463
1682767963
19576
1682964573
19690
1682964573
19804
1682767963
19917
2135490589
19917
2134638621
20031
2135490589
20031
2134638621
20031
1683030076
20378
2135490589
20378
2134638621
20494
1682833500
20725
2135490589
20725
2134638621
20957
1682767963
20957
1682833500
21420
1682833500
21536
1682767963
21651
1682767963
21767
2135490589
21767
2134638621
21883
2135490589
21883
2134638621
21883
1682833500
21883
2135556125
21883
2134704157
22346
1682833500
22577
2135490589
22577
2134638621
22655
2135490589
22655
2134638621
22732
2135490589
22732
2134638621
22809
1682767963
22809
1683030076
23263
1682833500
23604
1682767963
23661
1682767963
23718
2135490589
23718
2134638621
23718
1682833500
24058
2135490589
24058
2134638621
24172
1682833500
24399
2135490589
24399
2134638621
24626
1682767963
24740
1682833500
24853
1682833500
24967
1682767963
25080
1682833500
25194
1682833500
25308
1682767963
25420
2135490589
25420
2134638621
25535
2135490589
25535
2134638621
25535
1682833500
25878
2135490589
25878
2134638621
25992
1682833500
26220
2135490589
26220
2134638621
26449
1682767963
26563
1682767963
26678
1682767963
26792
1682767963
26906
1681850426
26906
1682702394
27020
1681850426
27020
1682702394
27135
1682636859
27135
1681784891
27248
1682636859
27248
1681784891
27363
2135490589
27363
2134638621
27363
2135556125
27363
2134704157
27820
1682833500
28049
2135490589
28049
2134638621
28125
2135490589
28125
2134638621
28201
2135490589
28201
2134638621
28277
1682767963
28277
1683030076
28734
1682833500
29077
1682767963
29134
1682767963
29192
2135490589
29192
2134638621
29192
1682833500
29534
2135490589
29534
2134638621
29649
1682833500
29877
2135490589
29877
2134638621
30106
1682767963
30220
1682964573
30334
1682964573
30449
1682767963
30563
1682964573
30677
1682964573
30791
1682767963
30906
2135490589
30906
2134638621
31020
2135490589
31020
2134638621
31020
1683030076
31363
2135490589
31363
2134638621
31477
1682833500
31706
2135490589
31706
2134638621
31934
1682767963
32163
1682767963
32391
1682767963
32515
1682767963
32762
1682767963
32885
2135490589
32885
2134638621
32885
1683030076
33572
2135490589
33572
2134638621
33649
2135490589
33649
2134638621
33725
2135490589
33725
2134638621
33801
1682767963
33801
1683030076
34259
1682833500
34602
1682767963
34659
1682767963
34717
2135490589
34717
2134638621
34717
1682833500
35061
2135490589
35061
2134638621
35175
1682833500
35404
2135490589
35404
2134638621
35633
1682767963
35748
1682833500
35862
1682833500
35976
1682767963
36091
1682833500
36205
1682833500
36320
1682767963
36434
2135490589
36434
2134638621
36549
2135490589
36549
2134638621
36549
1682833500
36892
2135490589
36892
2134638621
37007
1682833500
37236
2135490589
37236
2134638621
37465
1682767963
37580
1682767963
37694
1682767963
37809
1682767963
37923
1682767963
38381
2135490589
38381
2134638621
38381
1683030076
38594
2135490589
38594
2134638621
38594
1682833500
38807
1682833500
39233
2135490589
39233
2134638621
39233
1682767963
39233
1683030076
39343
2135490589
39343
2134638621
39453
2135490589
39453
2134638621
39562
2135490589
39562
2134638621
39672
2135490589
39672
2134638621
39672
1683030076
39781
2135490589
39781
2134638621
39891
2135490589
39891
2134638621
40002
2135490589
40002
2134638621
40111
2135490589
40111
2134638621
40111
1683030076
40548
2135490589
40548
2134638621
40548
1682833500
40985
2135490589
40985
2134638621
40985
1682767963
40985
1683030076
41093
2135490589
41093
2134638621
41201
2135490589
41201
2134638621
41310
2135490589
41310
2134638621
41421
2135490589
41421
2134638621
41421
1683030076
41528
2135490589
41528
2134638621
41639
2135490589
41639
2134638621
41748
2135490589
41748
2134638621
41855
2135490589
41855
2134638621
41855
1683030076
42073
2135490589
42073
2134638621
42073
1682833500
42291
1683030076
42727
2135490589
42727
2134638621
42727
1682767963
42727
1683030076
42836
2135490589
42836
2134638621
42945
2135490589
42945
2134638621
43054
2135490589
43054
2134638621
43162
2135490589
43162
2134638621
43162
1683030076
43271
2135490589
43271
2134638621
43380
2135490589
43380
2134638621
43489
2135490589
43489
2134638621
43598
2135490589
43598
2134638621
43598
1683030076
44034
2135490589
44034
2134638621
44034
1682833500
44361
2135490589
44361
2134638621
44470
1682767963
44579
1682767963
44688
1682767963
44797
1682767963
44905
1681850426
44905
1682702394
45014
1681850426
45014
1682702394
45123
1682636859
45123
1681784891
45232
1682636859
45232
1681784891
45341
2135490589
45341
2134638621
45341
1683030076
45552
2135490589
45552
2134638621
45552
1682833500
45763
1682833500
46184
2135490589
46184
2134638621
46184
1682767963
46184
1683030076
46293
2135490589
46293
2134638621
46401
2135490589
46401
2134638621
46511
2135490589
46511
2134638621
46621
2135490589
46621
2134638621
46621
1683030076
46730
2135490589
46730
2134638621
46838
2135490589
46838
2134638621
46946
2135490589
46946
2134638621
47055
2135490589
47055
2134638621
47055
1683030076
47492
2135490589
47492
2134638621
47492
1682833500
47926
2135490589
47926
2134638621
47926
1682767963
47926
1683030076
48035
2135490589
48035
2134638621
48144
2135490589
48144
2134638621
48253
2135490589
48253
2134638621
48362
2135490589
48362
2134638621
48362
1683030076
48472
2135490589
48472
2134638621
48581
2135490589
48581
2134638621
48690
2135490589
48690
2134638621
48798
2135490589
48798
2134638621
48798
1683030076
49016
2135490589
49016
2134638621
49016
1682833500
49233
1683030076
49668
2135490589
49668
2134638621
49668
1682767963
49668
1683030076
49777
2135490589
49777
2134638621
49886
2135490589
49886
2134638621
49995
2135490589
49995
2134638621
50104
2135490589
50104
2134638621
50104
1683030076
50213
2135490589
50213
2134638621
50322
2135490589
50322
2134638621
50432
2135490589
50432
2134638621
50539
2135490589
50539
2134638621
50539
1683030076
50975
2135490589
50975
2134638621
50975
1682833500
51301
2135490589
51301
2134638621
51410
1682767963
51519
1682767963
51628
1682767963
51737
1682767963
51845
1681850426
51845
1682702394
51954
1681850426
51954
1682702394
52063
1682636859
52063
1681784891
52172
1682636859
52172
1681784891
52281
2135490589
52281
2134638621
52281
1683030076
52734
2135490589
52734
2134638621
52734
1682833500
53187
2135490589
53187
2134638621
53187
1682767963
53187
1682833500
53295
2135490589
53295
2134638621
53402
2135490589
53402
2134638621
53511
2135490589
53511
2134638621
53620
2135490589
53620
2134638621
53620
1682833500
53728
2135490589
53728
2134638621
54052
2135490589
54052
2134638621
54052
1682833500
54161
2135490589
54161
2134638621
54269
2135490589
54269
2134638621
54377
2135490589
54377
2134638621
54485
2135490589
54485
2134638621
54485
1682833500
54593
2135490589
54593
2134638621
54918
2135490589
54918
2134638621
54918
1682767963
54918
1682833500
55026
2135490589
55026
2134638621
55134
2135490589
55134
2134638621
55241
2135490589
55241
2134638621
55351
2135490589
55351
2134638621
55351
1682833500
55459
2135490589
55459
2134638621
55568
2135490589
55568
2134638621
55677
2135490589
55677
2134638621
55784
2135490589
55784
2134638621
55784
1683030076
56226
2135490589
56226
2134638621
56226
1682833500
56669
2135490589
56669
2134638621
56669
1682767963
56669
1682833500
56777
2135490589
56777
2134638621
56885
2135490589
56885
2134638621
56993
2135490589
56993
2134638621
57101
2135490589
57101
2134638621
57101
1682833500
57209
2135490589
57209
2134638621
57535
2135490589
57535
2134638621
57535
1682833500
57644
2135490589
57644
2134638621
57754
2135490589
57754
2134638621
57866
2135490589
57866
2134638621
57975
2135490589
57975
2134638621
57975
1682833500
58085
2135490589
58085
2134638621
58416
2135490589
58416
2134638621
58416
1682767963
58416
1682833500
58525
2135490589
58525
2134638621
58636
2135490589
58636
2134638621
58745
2135490589
58745
2134638621
58858
2135490589
58858
2134638621
58858
1682833500
58967
2135490589
58967
2134638621
59079
2135490589
59079
2134638621
59190
2135490589
59190
2134638621
59300
2135490589
59300
2134638621
59300
1683030076
59740
2135490589
59740
2134638621
59740
1682833500
60181
2135490589
60181
2134638621
60181
1682767963
60181
1682833500
60291
2135490589
60291
2134638621
60402
2135490589
60402
2134638621
60512
2135490589
60512
2134638621
60622
2135490589
60622
2134638621
60622
1682833500
60733
2135490589
60733
2134638621
61065
2135490589
61065
2134638621
61065
1682833500
61175
2135490589
61175
2134638621
61284
2135490589
61284
2134638621
61395
2135490589
61395
2134638621
61505
2135490589
61505
2134638621
61505
1682833500
61615
2135490589
61615
2134638621
61946
2135490589
61946
2134638621
61946
1682767963
61946
1682833500
62055
2135490589
62055
2134638621
62166
2135490589
62166
2134638621
62275
2135490589
62275
2134638621
62387
2135490589
62387
2134638621
62387
1682833500
62498
2135490589
62498
2134638621
62608
2135490589
62608
2134638621
62719
2135490589
62719
2134638621
62829
2135490589
62829
2134638621
62829
1683030076
63253
2135490589
63253
2134638621
63253
1682833500
63677
2135490589
63677
2134638621
63677
1682964573
63787
2135490589
63787
2134638621
63896
2135490589
63896
2134638621
63896
1682964573
64005
1682767963
64115
2135490589
64115
2134638621
64115
1682964573
64224
2135490589
64224
2134638621
64334
2135490589
64334
2134638621
64334
1682964573
64443
1682767963
64553
2135490589
64553
2134638621
64553
1682964573
64662
2135490589
64662
2134638621
64771
2135490589
64771
2134638621
64771
1682964573
64881
1682767963
64990
2135490589
64990
2134638621
64990
1682964573
65100
2135490589
65100
2134638621
65209
2135490589
65209
2134638621
65209
1682964573
65319
1682767963
65428
2135490589
65428
2134638621
65428
1682964573
65537
2135490589
65537
2134638621
65647
2135490589
65647
2134638621
65647
1682964573
65756
1682767963
65866
2135490589
65866
2134638621
65866
1682964573
65975
2135490589
65975
2134638621
66085
2135490589
66085
2134638621
66085
1682964573
66193
1682767963
66303
2135490589
66303
2134638621
66303
2135556125
66303
2134704157
66758
1682833500
66986
2135490589
66986
2134638621
67062
2135490589
67062
2134638621
67137
2135490589
67137
2134638621
67213
1682767963
67213
1683030076
67669
1682833500
68009
1682767963
68066
1682767963
68123
2135490589
68123
2134638621
68123
1682833500
68464
2135490589
68464
2134638621
68578
1682833500
68806
2135490589
68806
2134638621
69033
1682767963
69145
1682964573
69255
1682964573
69369
1682767963
69481
1682964573
69593
1682964573
69705
1682767963
69817
2135490589
69817
2134638621
69930
2135490589
69930
2134638621
69930
1683030076
70273
2135490589
70273
2134638621
70388
1682833500
70617
2135490589
70617
2134638621
70847
1682767963
70847
1682833500
71306
1682833500
71420
1682767963
71535
1682767963
71650
2135490589
71650
2134638621
71765
2135490589
71765
2134638621
71765
1682833500
71765
2135556125
71765
2134704157
72224
1682833500
72453
2135490589
72453
2134638621
72530
2135490589
72530
2134638621
72606
2135490589
72606
2134638621
72682
1682767963
72682
1683030076
73141
1682833500
73485
1682767963
73542
1682767963
73601
2135490589
73601
2134638621
73601
1682833500
73945
2135490589
73945
2134638621
74059
1682833500
74289
2135490589
74289
2134638621
74518
1682767963
74636
1682833500
74753
1682833500
74871
1682767963
74988
1682833500
75106
1682833500
75223
1682767963
75340
2135490589
75340
2134638621
75458
2135490589
75458
2134638621
75458
1682833500
75801
2135490589
75801
2134638621
75916
1682833500
76144
2135490589
76144
2134638621
76373
1682767963
76487
1682767963
76601
1682767963
76717
1682767963
76830
1681850426
76830
1682702394
76944
1681850426
76944
1682702394
77059
1682636859
77059
1681784891
77173
1682636859
77173
1681784891
77288
2135490589
77288
2134638621
77288
2135556125
77288
2134704157
77746
1682833500
77973
2135490589
77973
2134638621
78051
2135490589
78051
2134638621
78126
2135490589
78126
2134638621
78203
1682767963
78203
1683030076
78660
1682833500
79003
1682767963
79061
1682767963
79117
2135490589
79117
2134638621
79117
1682833500
79461
2135490589
79461
2134638621
79575
1682833500
79805
2135490589
79805
2134638621
80032
1682767963
80147
1682964573
80261
1682964573
80376
1682767963
80490
1682964573
80604
1682964573
80719
1682767963
80833
2135490589
80833
2134638621
80947
2135490589
80947
2134638621
80947
1683030076
81290
2135490589
81290
2134638621
81405
1682833500
81634
2135490589
81634
2134638621
81862
1682767963
82079
1682767963
82295
1682767963
82410
1682767963
82640
1682767963
82755
2135490589
82755
2134638621
82755
1683030076
83446
2135490589
83446
2134638621
83524
2135490589
83524
2134638621
83600
2135490589
83600
2134638621
83677
1682767963
83677
1683030076
84136
1682833500
84481
1682767963
84538
1682767963
84596
2135490589
84596
2134638621
84596
1682833500
84941
2135490589
84941
2134638621
85056
1682833500
85286
2135490589
85286
2134638621
85517
1682767963
85631
1682833500
85746
1682833500
85861
1682767963
85976
1682833500
86091
1682833500
86206
1682767963
86321
2135490589
86321
2134638621
86436
2135490589
86436
2134638621
86436
1682833500
86781
2135490589
86781
2134638621
86896
1682833500
87127
2135490589
87127
2134638621
87358
1682767963
87473
1682767963
87587
1682767963
87702
1682767963
87817
1682767963
88285
2135490589
88285
2134638621
88285
1682833500
88285
1683030076
88636
2135490589
88636
2134638621
88754
1682833500
88986
2135490589
88986
2134638621
89220
1682767963
89220
1682833500
89689
1682833500
90000
1682767963
90079
1682767963
90156
2135490589
90156
2134638621
90156
1682833500
90507
2135490589
90507
2134638621
90625
1682833500
90858
2135490589
90858
2134638621
91091
1682767963
91091
1682833500
91560
1682833500
92027
2135490589
92027
2134638621
92027
1683030076
92240
2135490589
92240
2134638621
92240
1682833500
92452
1682833500
92876
2135490589
92876
2134638621
92876
1682767963
92876
1683030076
92985
2135490589
92985
2134638621
93093
2135490589
93093
2134638621
93202
2135490589
93202
2134638621
93310
2135490589
93310
2134638621
93310
1683030076
93419
2135490589
93419
2134638621
93528
2135490589
93528
2134638621
93636
2135490589
93636
2134638621
93744
2135490589
93744
2134638621
93744
1683030076
94179
2135490589
94179
2134638621
94179
1682833500
94614
2135490589
94614
2134638621
94614
1682767963
94614
1683030076
94722
2135490589
94722
2134638621
94830
2135490589
94830
2134638621
94938
2135490589
94938
2134638621
95047
2135490589
95047
2134638621
95047
1683030076
95156
2135490589
95156
2134638621
95266
2135490589
95266
2134638621
95374
2135490589
95374
2134638621
95482
2135490589
95482
2134638621
95482
1683030076
95699
2135490589
95699
2134638621
95699
1682833500
95916
1683030076
96350
2135490589
96350
2134638621
96350
1682767963
96350
1683030076
96460
2135490589
96460
2134638621
96568
2135490589
96568
2134638621
96680
2135490589
96680
2134638621
96789
2135490589
96789
2134638621
96789
1683030076
96898
2135490589
96898
2134638621
97006
2135490589
97006
2134638621
97116
2135490589
97116
2134638621
97225
2135490589
97225
2134638621
97225
1683030076
97663
2135490589
97663
2134638621
97663
1682833500
97990
2135490589
97990
2134638621
98100
1682767963
98209
1682767963
98319
1682767963
98428
1682767963
98538
1681850426
98538
1682702394
98647
1681850426
98647
1682702394
98756
1682636859
98756
1681784891
98866
1682636859
98866
1681784891
98976
2135490589
98976
2134638621
98976
1683030076
99413
2135490589
99413
2134638621
99413
1682833500
99850
2135490589
99850
2134638621
99850
1682767963
99850
1682833500
99961
2135490589
99961
2134638621
100069
2135490589
100069
2134638621
100179
2135490589
100179
2134638621
100287
2135490589
100287
2134638621
100287
1682833500
100398
2135490589
100398
2134638621
100725
2135490589
100725
2134638621
100725
1682833500
100834
2135490589
100834
2134638621
100945
2135490589
100945
2134638621
101054
2135490589
101054
2134638621
101163
2135490589
101163
2134638621
101163
1682833500
101272
2135490589
101272
2134638621
101600
2135490589
101600
2134638621
101600
1682767963
101600
1682833500
101709
2135490589
101709
2134638621
101818
2135490589
101818
2134638621
101926
2135490589
101926
2134638621
102038
2135490589
102038
2134638621
102038
1682833500
102148
2135490589
102148
2134638621
102258
2135490589
102258
2134638621
102367
2135490589
102367
2134638621
102475
2135490589
102475
2134638621
102475
1683030076
102912
2135490589
102912
2134638621
102912
1682833500
103350
2135490589
103350
2134638621
103350
1682767963
103350
1682833500
103460
2135490589
103460
2134638621
103567
2135490589
103567
2134638621
103678
2135490589
103678
2134638621
103787
2135490589
103787
2134638621
103787
1682833500
103897
2135490589
103897
2134638621
104226
2135490589
104226
2134638621
104226
1682833500
104335
2135490589
104335
2134638621
104444
2135490589
104444
2134638621
104554
2135490589
104554
2134638621
104662
2135490589
104662
2134638621
104662
1682833500
104772
2135490589
104772
2134638621
105100
2135490589
105100
2134638621
105100
1682767963
105100
1682833500
105207
2135490589
105207
2134638621
105319
2135490589
105319
2134638621
105428
2135490589
105428
2134638621
105537
2135490589
105537
2134638621
105537
1682833500
105647
2135490589
105647
2134638621
105756
2135490589
105756
2134638621
105866
2135490589
105866
2134638621
105975
2135490589
105975
2134638621
105975
1683030076
106413
2135490589
106413
2134638621
106413
1682833500
106850
2135490589
106850
2134638621
106850
1682767963
106850
1682833500
106959
2135490589
106959
2134638621
107068
2135490589
107068
2134638621
107178
2135490589
107178
2134638621
107287
2135490589
107287
2134638621
107287
1682833500
107397
2135490589
107397
2134638621
107725
2135490589
107725
2134638621
107725
1682833500
107836
2135490589
107836
2134638621
107943
2135490589
107943
2134638621
108053
2135490589
108053
2134638621
108162
2135490589
108162
2134638621
108162
1682833500
108272
2135490589
108272
2134638621
108601
2135490589
108601
2134638621
108601
1682767963
108601
1682833500
108710
2135490589
108710
2134638621
108818
2135490589
108818
2134638621
108927
2135490589
108927
2134638621
109037
2135490589
109037
2134638621
109037
1682833500
109146
2135490589
109146
2134638621
109256
2135490589
109256
2134638621
109367
2135490589
109367
2134638621
109475
2135490589
109475
2134638621
109475
1683030076
109912
2135490589
109912
2134638621
109912
1682833500
110350
2135490589
110350
2134638621
110350
1682964573
110460
2135490589
110460
2134638621
110568
2135490589
110568
2134638621
110568
1682964573
110678
1682767963
110788
2135490589
110788
2134638621
110788
1682964573
110896
2135490589
110896
2134638621
111006
2135490589
111006
2134638621
111006
1682964573
111115
1682767963
111224
2135490589
111224
2134638621
111224
1682964573
111334
2135490589
111334
2134638621
111442
2135490589
111442
2134638621
111442
1682964573
111553
1682767963
111662
2135490589
111662
2134638621
111662
1682964573
111772
2135490589
111772
2134638621
111881
2135490589
111881
2134638621
111881
1682964573
111990
1682767963
112099
2135490589
112099
2134638621
112099
1682964573
112208
2135490589
112208
2134638621
112318
2135490589
112318
2134638621
112318
1682964573
112428
1682767963
112538
2135490589
112538
2134638621
112538
1682964573
112646
2135490589
112646
2134638621
112756
2135490589
112756
2134638621
112756
1682964573
112865
2135490589
112865
2134638621
112975
1682767963
112975
2135556125
112975
2134704157
113127
2135490589
113127
2134638621
113278
1682767963
113278
2135556125
113278
2134704157
113430
2135490589
113430
2134638621
113582
1682767963
113582
2135556125
113582
2134704157
113734
2135490589
113734
2134638621
113886
1682767963
113886
2135556125
113886
2134704157
114038
2135490589
114038
2134638621
114189
1682767963
114189
2135556125
114189
2134704157
114342
2135490589
114342
2134638621
114493
1682767963
114493
2135556125
114493
2134704157
114645
2135490589
114645
2134638621
114797
1682767963
114797
2135556125
114797
2134704157
114949
1682767963
114949
2135556125
114949
2134704157
115101
2135490589
115101
2134638621
115253
1682767963
115253
2135556125
115253
2134704157
115405
2135490589
115405
2134638621
115556
1682767963
115556
2135556125
115556
2134704157
115708
1682767963
115708
2135556125
115708
2134704157
115860
2135490589
115860
2134638621
116012
1682767963
116012
2135556125
116012
2134704157
116164
2135490589
116164
2134638621
116316
1682767963
116316
2135556125
116316
2134704157
116468
1682767963
116468
2135556125
116468
2134704157
116620
2135490589
116620
2134638621
116620
2135556125
116620
2134704157
116847
1682636859
116847
1681784891
116847
2135556125
116847
2134704157
117075
1682964573
117531
2135490589
117531
2134638621
117531
1682767963
117531
1683030076
117641
2135490589
117641
2134638621
117752
2135490589
117752
2134638621
117862
2135490589
117862
2134638621
117973
2135490589
117973
2134638621
117973
1683030076
118083
2135490589
118083
2134638621
118194
2135490589
118194
2134638621
118304
2135490589
118304
2134638621
118415
1682636859
118415
1681784891
118415
2135556125
118415
2134704157
118636
1682636859
118636
1681784891
118636
2135556125
118636
2134704157
118857
1682964573
119299
2135490589
119299
2134638621
119299
1682767963
119299
1683030076
119409
2135490589
119409
2134638621
119520
2135490589
119520
2134638621
119630
2135490589
119630
2134638621
119741
2135490589
119741
2134638621
119741
1683030076
119851
2135490589
119851
2134638621
119962
2135490589
119962
2134638621
120072
2135490589
120072
2134638621
120183
1682636859
120183
1681784891
120183
2135556125
120183
2134704157
120404
1682636859
120404
1681784891
120404
2135556125
120404
2134704157
120625
1682964573
121067
2135490589
121067
2134638621
121067
1682767963
121067
1683030076
121177
2135490589
121177
2134638621
121288
2135490589
121288
2134638621
121398
2135490589
121398
2134638621
121509
2135490589
121509
2134638621
121509
1683030076
121619
2135490589
121619
2134638621
121730
2135490589
121730
2134638621
121840
2135490589
121840
2134638621
121951
1682636859
121951
1681784891
121951
2135556125
121951
2134704157
122172
1682636859
122172
1681784891
122172
2135556125
122172
2134704157
122393
1682964573
122835
2135490589
122835
2134638621
122835
1682767963
122835
1683030076
122942
2135490589
122942
2134638621
123049
2135490589
123049
2134638621
123156
2135490589
123156
2134638621
123263
2135490589
123263
2134638621
123263
1683030076
123370
2135490589
123370
2134638621
123477
2135490589
123477
2134638621
123585
2135490589
123585
2134638621
123692
1682767963
123765
1681850426
123765
1682702394
123839
2135556125
123839
2134704157
123913
1681850426
123913
1682702394
123987
2135490589
123987
2134638621
124060
2135490589
124060
2134638621
124134
2135556125
124134
2134704157
124208
1681850426
124208
1682702394
124281
1682767963
124355
1681850426
124355
1682702394
124429
2135490589
124429
2134638621
124503
2135490589
124503
2134638621
124576
1682767963
124651
1681850426
124651
1682702394
124725
2135556125
124725
2134704157
124800
1681850426
124800
1682702394
124874
2135490589
124874
2134638621
124948
2135490589
124948
2134638621
125023
1682767963
125023
1682964573
125469
1682767963
125581
1682767963
125692
1682767963
125804
1682767963
125915
1682767963
126027
1682767963
126139
1682767963
126250
1682767963
126362
1681850426
126362
1682702394
126473
1681850426
126473
1682702394
126585
1681850426
126585
1682702394
126697
1681850426
126697
1682702394
126808
1682636859
126808
1681784891
126920
1682636859
126920
1681784891
127031
1682636859
127031
1681784891
127143
1682636859
127143
1681784891
127255
2135490589
127255
2134638621
127255
2135556125
127255
2134704157
127473
1682636859
127473
1681784891
127473
2135556125
127473
2134704157
127691
1682964573
128127
2135490589
128127
2134638621
128127
1682767963
128127
1682833500
128237
2135490589
128237
2134638621
128346
2135490589
128346
2134638621
128455
2135490589
128455
2134638621
128564
2135490589
128564
2134638621
128564
1682833500
128673
2135490589
128673
2134638621
128782
2135490589
128782
2134638621
128891
2135490589
128891
2134638621
129000
2135490589
129000
2134638621
129000
1682833500
129219
2135490589
129219
2134638621
129437
1682833500
129873
2135490589
129873
2134638621
129873
1682767963
129873
1682833500
129982
2135490589
129982
2134638621
130091
2135490589
130091
2134638621
130201
2135490589
130201
2134638621
130310
2135490589
130310
2134638621
130310
1682833500
130419
2135490589
130419
2134638621
130528
2135490589
130528
2134638621
130637
2135490589
130637
2134638621
130746
2135490589
130746
2134638621
130746
1682833500
130964
2135490589
130964
2134638621
131183
1682833500
131619
2135490589
131619
2134638621
131619
1682767963
131619
1682833500
131729
2135490589
131729
2134638621
131838
2135490589
131838
2134638621
131947
2135490589
131947
2134638621
132055
2135490589
132055
2134638621
132055
1682833500
132165
2135490589
132165
2134638621
132274
2135490589
132274
2134638621
132383
2135490589
132383
2134638621
132492
2135490589
132492
2134638621
132492
1682833500
132711
2135490589
132711
2134638621
132928
1682833500
133365
2135490589
133365
2134638621
133365
1682767963
133365
1682833500
133474
2135490589
133474
2134638621
133582
2135490589
133582
2134638621
133692
2135490589
133692
2134638621
133801
2135490589
133801
2134638621
133801
1682833500
133910
2135490589
133910
2134638621
134019
2135490589
134019
2134638621
134129
2135490589
134129
2134638621
134238
2135490589
134238
2134638621
134238
1682833500
134455
2135490589
134455
2134638621
134674
1682833500
135111
2135490589
135111
2134638621
135111
1682767963
135111
1682833500
135221
2135490589
135221
2134638621
135330
2135490589
135330
2134638621
135439
2135490589
135439
2134638621
135548
2135490589
135548
2134638621
135548
1682833500
135657
2135490589
135657
2134638621
135767
2135490589
135767
2134638621
135876
2135490589
135876
2134638621
135985
2135490589
135985
2134638621
135985
1682833500
136204
2135490589
136204
2134638621
136423
1682833500
136860
2135490589
136860
2134638621
136860
1682767963
136860
1682833500
136969
2135490589
136969
2134638621
137078
2135490589
137078
2134638621
137188
2135490589
137188
2134638621
137297
2135490589
137297
2134638621
137297
1682833500
137407
2135490589
137407
2134638621
137516
2135490589
137516
2134638621
137625
2135490589
137625
2134638621
137735
2135490589
137735
2134638621
137735
1682833500
137953
2135490589
137953
2134638621
138172
1682833500
138610
2135490589
138610
2134638621
138610
1682767963
138610
1682833500
138719
2135490589
138719
2134638621
138828
2135490589
138828
2134638621
138938
2135490589
138938
2134638621
139047
2135490589
139047
2134638621
139047
1682833500
139157
2135490589
139157
2134638621
139266
2135490589
139266
2134638621
139374
2135490589
139374
2134638621
139484
2135490589
139484
2134638621
139484
1682833500
139702
2135490589
139702
2134638621
139922
1682833500
140250
2135490589
140250
2134638621
140359
1682767963
140468
1682767963
140578
1682767963
140687
1682767963
140796
1681850426
140796
1682702394
140906
1681850426
140906
1682702394
141015
1682636859
141015
1681784891
141124
1682636859
141124
1681784891
141234
2135490589
141234
2134638621
141234
2135556125
141234
2134704157
141453
1682636859
141453
1681784891
141453
2135556125
141453
2134704157
141673
1682964573
142112
2135490589
142112
2134638621
142112
1682767963
142112
1682833500
142222
2135490589
142222
2134638621
142332
2135490589
142332
2134638621
142441
2135490589
142441
2134638621
142551
2135490589
142551
2134638621
142551
1682833500
142660
2135490589
142660
2134638621
142770
2135490589
142770
2134638621
142880
2135490589
142880
2134638621
142990
2135490589
142990
2134638621
142990
1682833500
143209
2135490589
143209
2134638621
143428
1682833500
143867
2135490589
143867
2134638621
143867
1682767963
143867
1682833500
143977
2135490589
143977
2134638621
144086
2135490589
144086
2134638621
144197
2135490589
144197
2134638621
144306
2135490589
144306
2134638621
144306
1682833500
144416
2135490589
144416
2134638621
144526
2135490589
144526
2134638621
144636
2135490589
144636
2134638621
144745
2135490589
144745
2134638621
144745
1682833500
144964
2135490589
144964
2134638621
145184
1682833500
145623
2135490589
145623
2134638621
145623
1682767963
145623
1682833500
145734
2135490589
145734
2134638621
145844
2135490589
145844
2134638621
145953
2135490589
145953
2134638621
146062
2135490589
146062
2134638621
146062
1682833500
146173
2135490589
146173
2134638621
146282
2135490589
146282
2134638621
146392
2135490589
146392
2134638621
146501
2135490589
146501
2134638621
146501
1682833500
146722
2135490589
146722
2134638621
146940
1682833500
147269
2135490589
147269
2134638621
147379
1682767963
147489
1682767963
147598
1682767963
147708
1682767963
147818
1681850426
147818
1682702394
147928
1681850426
147928
1682702394
148037
1682767963
148147
1682767963
148257
2135490589
148257
2134638621
148257
2135556125
148257
2134704157
148476
1682636859
148476
1681784891
148476
2135556125
148476
2134704157
148696
1682964573
149135
2135490589
149135
2134638621
149135
1682767963
149135
1682833500
149245
2135490589
149245
2134638621
149353
2135490589
149353
2134638621
149462
2135490589
149462
2134638621
149571
2135490589
149571
2134638621
149571
1682833500
149680
2135490589
149680
2134638621
149789
2135490589
149789
2134638621
149898
2135490589
149898
2134638621
150007
2135490589
150007
2134638621
150007
1682833500
150226
2135490589
150226
2134638621
150444
1682833500
150880
2135490589
150880
2134638621
150880
1682767963
150880
1682833500
150989
2135490589
150989
2134638621
151098
2135490589
151098
2134638621
151207
2135490589
151207
2134638621
151316
2135490589
151316
2134638621
151316
1682833500
151425
2135490589
151425
2134638621
151534
2135490589
151534
2134638621
151643
2135490589
151643
2134638621
151753
2135490589
151753
2134638621
151753
1682833500
151970
2135490589
151970
2134638621
152189
1682833500
152625
2135490589
152625
2134638621
152625
1682767963
152625
1682833500
152735
2135490589
152735
2134638621
152844
2135490589
152844
2134638621
152953
2135490589
152953
2134638621
153061
2135490589
153061
2134638621
153061
1682833500
153171
2135490589
153171
2134638621
153280
2135490589
153280
2134638621
153389
2135490589
153389
2134638621
153498
2135490589
153498
2134638621
153498
1682833500
153717
2135490589
153717
2134638621
153934
1682833500
154261
2135490589
154261
2134638621
154370
1682767963
154479
1681850426
154479
1682702394
154588
1682767963
154698
1682767963
154807
1682636859
154807
1681784891
154916
1682636859
154916
1681784891
155025
1682767963
155134
1682767963
155243
2135490589
155243
2134638621
155243
2135556125
155243
2134704157
155463
1682636859
155463
1681784891
155463
2135556125
155463
2134704157
155682
1682964573
156122
2135490589
156122
2134638621
156122
1682767963
156122
1683030076
156232
2135490589
156232
2134638621
156342
2135490589
156342
2134638621
156451
2135490589
156451
2134638621
156561
2135490589
156561
2134638621
156561
1682833500
156670
2135490589
156670
2134638621
156780
2135490589
156780
2134638621
156890
2135490589
156890
2134638621
157000
2135490589
157000
2134638621
157000
1682833500
157220
2135490589
157220
2134638621
157440
1682833500
157879
2135490589
157879
2134638621
157879
1682767963
157879
1682833500
157989
2135490589
157989
2134638621
158098
2135490589
158098
2134638621
158209
2135490589
158209
2134638621
158319
2135490589
158319
2134638621
158319
1682833500
158429
2135490589
158429
2134638621
158539
2135490589
158539
2134638621
158649
2135490589
158649
2134638621
158758
2135490589
158758
2134638621
158758
1682833500
158977
2135490589
158977
2134638621
159197
1682833500
159637
2135490589
159637
2134638621
159637
1682767963
159637
1682833500
159748
2135490589
159748
2134638621
159858
2135490589
159858
2134638621
159967
2135490589
159967
2134638621
160076
2135490589
160076
2134638621
160076
1682833500
160187
2135490589
160187
2134638621
160296
2135490589
160296
2134638621
160406
2135490589
160406
2134638621
160515
2135490589
160515
2134638621
160515
1682833500
160737
2135490589
160737
2134638621
160955
1682833500
161394
1682767963
161504
1682767963
161613
1682767963
161724
1682767963
161834
1681850426
161834
1682702394
161944
1681850426
161944
1682702394
162053
1682767963
162163
1682767963
162273
2135490589
162273
2134638621
162273
2135556125
162273
2134704157
162492
1682636859
162492
1681784891
162492
2135556125
162492
2134704157
162711
1682964573
163149
2135490589
163149
2134638621
163149
1682767963
163149
1682833500
163260
2135490589
163260
2134638621
163368
2135490589
163368
2134638621
163478
2135490589
163478
2134638621
163587
2135490589
163587
2134638621
163587
1682833500
163697
2135490589
163697
2134638621
163806
2135490589
163806
2134638621
163916
2135490589
163916
2134638621
164026
2135490589
164026
2134638621
164026
1682833500
164245
2135490589
164245
2134638621
164464
1682833500
164902
2135490589
164902
2134638621
164902
1682767963
164902
1682833500
165011
2135490589
165011
2134638621
165121
2135490589
165121
2134638621
165230
2135490589
165230
2134638621
165340
2135490589
165340
2134638621
165340
1682833500
165449
2135490589
165449
2134638621
165559
2135490589
165559
2134638621
165668
2135490589
165668
2134638621
165778
2135490589
165778
2134638621
165778
1682833500
165996
2135490589
165996
2134638621
166216
1682833500
166654
2135490589
166654
2134638621
166654
1682636859
166654
1681784891
166654
2135556125
166654
2134704157
166876
2135490589
166876
2134638621
166876
1682636859
166876
1681784891
166876
2135556125
166876
2134704157
167097
2135490589
167097
2134638621
167097
1682636859
167097
1681784891
167097
2135556125
167097
2134704157
167319
2135490589
167319
2134638621
167319
1682636859
167319
1681784891
167319
2135556125
167319
2134704157
167539
2135490589
167539
2134638621
167539
1682636859
167539
1681784891
167539
2135556125
167539
2134704157
167761
2135490589
167761
2134638621
167761
1682636859
167761
1681784891
167761
2135556125
167761
2134704157
167982
2135490589
167982
2134638621
167982
1682636859
167982
1681784891
167982
2135556125
167982
2134704157
168203
2135490589
168203
2134638621
168203
1682636859
168203
1681784891
168203
2135556125
168203
2134704157
168424
2135490589
168424
2134638621
168424
1682636859
168424
1681784891
168424
2135556125
168424
2134704157
168646
2135490589
168646
2134638621
168646
1682636859
168646
1681784891
168646
2135556125
168646
2134704157
168867
2135490589
168867
2134638621
168867
1682636859
168867
1681784891
168867
2135556125
168867
2134704157
169088
2135490589
169088
2134638621
169088
1682636859
169088
1681784891
169088
2135556125
169088
2134704157
169309
2135490589
169309
2134638621
169309
1682833500
169309
2135556125
169309
2134704157
169766
1682833500
169995
2135490589
169995
2134638621
170072
2135490589
170072
2134638621
170147
2135490589
170147
2134638621
170224
1682767963
170224
1683030076
170681
1682833500
171024
1682767963
171081
1682767963
171138
2135490589
171138
2134638621
171138
1682833500
171481
2135490589
171481
2134638621
171595
1682833500
171825
2135490589
171825
2134638621
172053
1682767963
172167
1682964573
172280
1682964573
172396
1682767963
172510
1682964573
172624
1682964573
172738
1682767963
172852
2135490589
172852
2134638621
172967
2135490589
172967
2134638621
172967
1683030076
173310
2135490589
173310
2134638621
173424
1682833500
173653
2135490589
173653
2134638621
173882
1682767963
173882
1682833500
174339
1682833500
174453
1682767963
174568
1682767963
174682
2135490589
174682
2134638621
174796
2135490589
174796
2134638621
174796
1682833500
174796
2135556125
174796
2134704157
175254
1682833500
175482
2135490589
175482
2134638621
175559
2135490589
175559
2134638621
175635
2135490589
175635
2134638621
175711
1682767963
175711
1683030076
176168
1682833500
176509
1682767963
176566
1682767963
176625
2135490589
176625
2134638621
176625
1682833500
176968
2135490589
176968
2134638621
177083
1682833500
177311
2135490589
177311
2134638621
177540
1682767963
177655
1682833500
177768
1682833500
177883
1682767963
177997
1682833500
178112
1682833500
178226
1682767963
178340
2135490589
178340
2134638621
178454
2135490589
178454
2134638621
178454
1682833500
178797
2135490589
178797
2134638621
178912
1682833500
179140
2135490589
179140
2134638621
179369
1682767963
179483
1682767963
179598
1682767963
179713
1682767963
179826
1681850426
179826
1682702394
179941
1681850426
179941
1682702394
180055
1682636859
180055
1681784891
180169
1682636859
180169
1681784891
180283
2135490589
180283
2134638621
180283
2135556125
180283
2134704157
180741
1682833500
180968
2135490589
180968
2134638621
181046
2135490589
181046
2134638621
181122
2135490589
181122
2134638621
181198
1682767963
181198
1683030076
181655
1682833500
181998
1682767963
182056
1682767963
182112
2135490589
182112
2134638621
182112
1682833500
182455
2135490589
182455
2134638621
182570
1682833500
182799
2135490589
182799
2134638621
183027
1682767963
183142
1682964573
183256
1682964573
183371
1682767963
183484
1682964573
183599
1682964573
183713
1682767963
183827
2135490589
183827
2134638621
183942
2135490589
183942
2134638621
183942
1683030076
184284
2135490589
184284
2134638621
184399
1682833500
184627
2135490589
184627
2134638621
184856
1682767963
185085
1682767963
185313
1682767963
185428
1682767963
185656
1682767963
185771
2135490589
185771
2134638621
185771
1683030076
186457
2135490589
186457
2134638621
186534
2135490589
186534
2134638621
186610
2135490589
186610
2134638621
186686
1682767963
186686
1683030076
187142
1682833500
187485
1682767963
187542
1682767963
187600
2135490589
187600
2134638621
187600
1682833500
187943
2135490589
187943
2134638621
188057
1682833500
188285
2135490589
188285
2134638621
188514
1682767963
188628
1682833500
188743
1682833500
188857
1682767963
188971
1682833500
189086
1682833500
189201
1682767963
189314
2135490589
189314
2134638621
189429
2135490589
189429
2134638621
189429
1682833500
189771
2135490589
189771
2134638621
189886
1682833500
190114
2135490589
190114
2134638621
190343
1682767963
190459
1682767963
190572
1682767963
190687
1682767963
190801
1682767963
191258
2135490589
191258
2134638621
191258
1682833500
191258
1683030076
191603
2135490589
191603
2134638621
191719
1682833500
191949
2135490589
191949
2134638621
192181
1682767963
192181
1682833500
192643
1682833500
192951
1682767963
193028
1682767963
193105
2135490589
193105
2134638621
193105
1682833500
193465
2135490589
193465
2134638621
193585
1682833500
193824
2135490589
193824
2134638621
194066
2135490589
194066
2134638621
194066
1681850426
194066
1682702394
194066
1682636859
194066
1681784891
194386
2135490589
194386
2134638621
194386
1681850426
194386
1682702394
194386
1682636859
194386
1681784891
194706
2135490589
194706
2134638621
194706
1682636859
194706
1681784891
194706
2135556125
194706
2134704157
194919
2135490589
194919
2134638621
194919
1683030076
195137
2135490589
195137
2134638621
195137
1682833500
195354
1682833500
195789
2135490589
195789
2134638621
195789
1682767963
195789
1683030076
195899
2135490589
195899
2134638621
196007
2135490589
196007
2134638621
196117
2135490589
196117
2134638621
196226
2135490589
196226
2134638621
196226
1683030076
196333
2135490589
196333
2134638621
196442
2135490589
196442
2134638621
196551
2135490589
196551
2134638621
196660
2135490589
196660
2134638621
196660
1683030076
197096
2135490589
197096
2134638621
197096
1682833500
197531
2135490589
197531
2134638621
197531
1682767963
197531
1683030076
197640
2135490589
197640
2134638621
197747
2135490589
197747
2134638621
197855
2135490589
197855
2134638621
197966
2135490589
197966
2134638621
197966
1683030076
198075
2135490589
198075
2134638621
198185
2135490589
198185
2134638621
198294
2135490589
198294
2134638621
198401
2135490589
198401
2134638621
198401
1683030076
198620
2135490589
198620
2134638621
198620
1682833500
198837
1683030076
199273
2135490589
199273
2134638621
199273
1682767963
199273
1683030076
199382
2135490589
199382
2134638621
199488
2135490589
199488
2134638621
199599
2135490589
199599
2134638621
199707
2135490589
199707
2134638621
199707
1683030076
199816
2135490589
199816
2134638621
199925
2135490589
199925
2134638621
200035
2135490589
200035
2134638621
200144
2135490589
200144
2134638621
200144
1683030076
200578
2135490589
200578
2134638621
200578
1682833500
200905
2135490589
200905
2134638621
201014
1682767963
201122
1682767963
201231
1682767963
201340
1682767963
201449
1681850426
201449
1682702394
201558
1681850426
201558
1682702394
201666
1682636859
201666
1681784891
201776
1682636859
201776
1681784891
201884
2135490589
201884
2134638621
201884
1683030076
202102
2135490589
202102
2134638621
202102
1682833500
202319
1682833500
202756
2135490589
202756
2134638621
202756
1682767963
202756
1683030076
202865
2135490589
202865
2134638621
202973
2135490589
202973
2134638621
203082
2135490589
203082
2134638621
203192
2135490589
203192
2134638621
203192
1683030076
203301
2135490589
203301
2134638621
203409
2135490589
203409
2134638621
203519
2135490589
203519
2134638621
203626
2135490589
203626
2134638621
203626
1683030076
204063
2135490589
204063
2134638621
204063
1682833500
204497
2135490589
204497
2134638621
204497
1682964573
204606
2135490589
204606
2134638621
204714
2135490589
204714
2134638621
204714
1682964573
204823
1682767963
204933
2135490589
204933
2134638621
204933
1682964573
205041
2135490589
205041
2134638621
205151
2135490589
205151
2134638621
205151
1682964573
205258
1682767963
205368
2135490589
205368
2134638621
205368
1683030076
205586
2135490589
205586
2134638621
205586
1682833500
205802
1682833500
206240
2135490589
206240
2134638621
206240
1682767963
206348
2135490589
206348
2134638621
206348
1682767963
206455
2135490589
206455
2134638621
206455
1682767963
206565
2135490589
206565
2134638621
206565
1682767963
206674
2135490589
206674
2134638621
206674
1682767963
206783
2135490589
206783
2134638621
206783
1682767963
206893
2135490589
206893
2134638621
206893
1682767963
207001
2135490589
207001
2134638621
207001
1682767963
207110
2135490589
207110
2134638621
207110
1681850426
207110
1682702394
207218
2135490589
207218
2134638621
207218
1681850426
207218
1682702394
207326
2135490589
207326
2134638621
207326
1681850426
207326
1682702394
207435
2135490589
207435
2134638621
207435
1681850426
207435
1682702394
207544
2135490589
207544
2134638621
207544
1681850426
207544
1682702394
207652
2135490589
207652
2134638621
207652
1681850426
207652
1682702394
207761
2135490589
207761
2134638621
207761
1682636859
207761
1681784891
207871
2135490589
207871
2134638621
207871
1682636859
207871
1681784891
207980
2135490589
207980
2134638621
207980
2135556125
207980
2134704157
208088
2135490589
208088
2134638621
208088
2135556125
208088
2134704157
208197
2135490589
208197
2134638621
208197
2135556125
208197
2134704157
208305
2135490589
208305
2134638621
208305
2135556125
208305
2134704157
208414
2135490589
208414
2134638621
208414
2135556125
208414
2134704157
208523
2135490589
208523
2134638621
208523
2135556125
208523
2134704157
208632
2135490589
208632
2134638621
208632
2135556125
208632
2134704157
208741
2135490589
208741
2134638621
208741
2135556125
208741
2134704157
208850
2135490589
208850
2134638621
208850
1683030076
209067
2135490589
209067
2134638621
209067
1682833500
