2534
2135490589
2534
2134638621
2534
1682833500
3100
2135490589
3100
2134638621
3100
1683030076
3241
2135490589
3241
2134638621
3241
1683030076
4798
2135490589
4798
2134638621
4798
1682833500
5364
2135490589
5364
2134638621
5364
1683030076
5505
2135490589
5505
2134638621
5505
1683030076
7062
2135490589
7062
2134638621
7062
1682833500
7628
2135490589
7628
2134638621
7628
1683030076
7769
2135490589
7769
2134638621
7769
1683030076
9326
2135490589
9326
2134638621
9326
1682833500
9892
2135490589
9892
2134638621
9892
1683030076
10033
2135490589
10033
2134638621
10033
1682964573
10459
2135490589
10459
2134638621
10459
1682636859
10459
1681784891
10459
2135556125
10459
2134704157
10529
2135490589
10529
2134638621
10600
2135490589
10600
2134638621
10671
2135490589
10671
2134638621
10742
2135490589
10742
2134638621
10812
2135490589
10812
2134638621
10883
2135490589
10883
2134638621
10954
2135490589
10954
2134638621
11025
2135490589
11025
2134638621
11095
2135490589
11095
2134638621
11166
2135490589
11166
2134638621
11237
2135490589
11237
2134638621
11308
1682767963
11308
1683030076
11591
2135490589
11591
2134638621
11591
1682767963
11591
1683030076
11661
2135490589
11661
2134638621
11732
2135490589
11732
2134638621
11803
2135490589
11803
2134638621
11874
2135490589
11874
2134638621
11874
1682767963
11874
1682833500
11944
2135490589
11944
2134638621
12015
2135490589
12015
2134638621
12015
1682833500
12086
2135490589
12086
2134638621
12157
2135490589
12157
2134638621
12157
1682767963
12157
1682833500
12227
2135490589
12227
2134638621
12298
2135490589
12298
2134638621
12298
1682833500
12369
2135490589
12369
2134638621
12440
2135490589
12440
2134638621
12440
1682767963
12440
1682833500
12510
2135490589
12510
2134638621
12581
2135490589
12581
2134638621
12581
1682833500
12652
2135490589
12652
2134638621
12723
2135490589
12723
2134638621
12723
1682767963
12723
1682833500
12793
2135490589
12793
2134638621
12864
2135490589
12864
2134638621
12864
1682833500
12935
2135490589
12935
2134638621
13006
2135490589
13006
2134638621
13006
1682767963
13006
1682833500
13076
2135490589
13076
2134638621
13147
2135490589
13147
2134638621
13147
1682833500
13218
2135490589
13218
2134638621
13289
2135490589
13289
2134638621
13289
1682767963
13289
1682833500
13359
2135490589
13359
2134638621
13430
2135490589
13430
2134638621
13430
1682833500
13501
2135490589
13501
2134638621
13572
2135490589
13572
2134638621
13572
1682767963
13572
1682833500
13642
2135490589
13642
2134638621
13713
2135490589
13713
2134638621
13713
1682833500
13784
2135490589
13784
2134638621
13855
2135490589
13855
2134638621
13855
1682767963
13855
1683030076
13925
2135490589
13925
2134638621
13996
2135490589
13996
2134638621
14067
2135490589
14067
2134638621
14138
2135490589
14138
2134638621
14138
1682767963
14138
1682833500
14208
2135490589
14208
2134638621
14279
2135490589
14279
2134638621
14279
1682833500
14350
2135490589
14350
2134638621
14421
2135490589
14421
2134638621
14421
1682767963
14421
1682833500
14491
2135490589
14491
2134638621
14562
2135490589
14562
2134638621
14562
1682833500
14633
2135490589
14633
2134638621
14704
2135490589
14704
2134638621
14704
1682767963
14704
1682833500
14774
2135490589
14774
2134638621
14845
2135490589
14845
2134638621
14845
1682833500
14916
2135490589
14916
2134638621
14987
2135490589
14987
2134638621
14987
1682767963
14987
1683030076
15057
2135490589
15057
2134638621
15128
2135490589
15128
2134638621
15199
2135490589
15199
2134638621
15270
2135490589
15270
2134638621
15270
1682833500
15270
1682636859
15270
1681784891
15340
2135490589
15340
2134638621
15411
2135490589
15411
2134638621
15411
1682833500
15411
1682636859
15411
1681784891
15482
2135490589
15482
2134638621
15553
2135490589
15553
2134638621
15553
1682833500
15623
2135490589
15623
2134638621
15694
2135490589
15694
2134638621
15694
1682833500
15694
2135556125
15694
2134704157
15765
2135490589
15765
2134638621
15836
2135490589
15836
2134638621
15836
1682833500
15836
2135556125
15836
2134704157
15906
2135490589
15906
2134638621
15977
2135490589
15977
2134638621
15977
1682833500
16048
2135490589
16048
2134638621
16119
2135490589
16119
2134638621
16119
1682767963
16119
1683030076
16189
2135490589
16189
2134638621
16260
2135490589
16260
2134638621
16331
2135490589
16331
2134638621
16402
2135490589
16402
2134638621
16402
1682767963
16402
1682833500
16472
2135490589
16472
2134638621
16543
2135490589
16543
2134638621
16543
1682833500
16614
2135490589
16614
2134638621
16685
2135490589
16685
2134638621
16685
1682767963
16685
1682833500
16755
2135490589
16755
2134638621
16826
2135490589
16826
2134638621
16826
1682833500
16897
2135490589
16897
2134638621
16968
2135490589
16968
2134638621
16968
1682767963
16968
1682833500
17038
2135490589
17038
2134638621
17109
2135490589
17109
2134638621
17109
1682833500
17180
2135490589
17180
2134638621
17251
2135490589
17251
2134638621
17251
1682767963
17251
1682833500
17321
2135490589
17321
2134638621
17392
2135490589
17392
2134638621
17392
1682833500
17463
2135490589
17463
2134638621
17534
2135490589
17534
2134638621
17534
1682767963
17534
1682833500
17604
2135490589
17604
2134638621
17675
2135490589
17675
2134638621
17675
1682833500
17746
2135490589
17746
2134638621
17817
2135490589
17817
2134638621
17817
1682767963
17817
1682833500
17887
2135490589
17887
2134638621
17958
2135490589
17958
2134638621
17958
1682833500
18029
2135490589
18029
2134638621
18100
2135490589
18100
2134638621
18100
1682767963
18100
1682964573
18170
2135490589
18170
2134638621
18241
2135490589
18241
2134638621
18312
2135490589
18312
2134638621
18383
2135490589
18383
2134638621
18383
1682767963
18383
1683030076
18453
2135490589
18453
2134638621
18524
2135490589
18524
2134638621
18595
2135490589
18595
2134638621
18666
2135490589
18666
2134638621
18666
1682767963
18666
1682833500
18736
2135490589
18736
2134638621
18807
2135490589
18807
2134638621
18807
1682833500
18878
2135490589
18878
2134638621
18949
2135490589
18949
2134638621
18949
1682767963
18949
1682833500
19019
2135490589
19019
2134638621
19090
2135490589
19090
2134638621
19090
1682833500
19161
2135490589
19161
2134638621
19232
1682767963
19232
1683030076
19515
2135490589
19515
2134638621
19515
1682833500
19798
2135490589
19798
2134638621
19798
1683030076
20081
1682767963
20222
1682767963
20364
1682767963
20505
1682767963
20647
2135490589
20647
2134638621
20647
1683030076
20930
1683030076
21213
1682767963
21213
1683030076
21496
2135490589
21496
2134638621
21496
1683030076
21637
2135490589
21637
2134638621
21779
1683030076
22062
2135490589
22062
2134638621
22062
1683030076
22345
1682767963
22345
1683030076
22628
2135490589
22628
2134638621
22628
1683030076
22911
2135490589
22911
2134638621
22911
1683030076
23194
1683030076
23335
2135490589
23335
2134638621
23477
1682767963
23477
1683030076
23760
2135490589
23760
2134638621
23760
1683030076
23901
2135490589
23901
2134638621
24043
1683030076
24326
2135490589
24326
2134638621
24326
1683030076
24609
1682767963
24609
1682964573
24892
1681850426
24892
1682702394
24962
1681850426
24962
1682702394
25033
1682636859
25033
1681784891
25104
1682636859
25104
1681784891
25175
2135490589
25175
2134638621
25175
1683030076
25458
1683030076
25599
2135490589
25599
2134638621
25741
1682767963
25741
1683030076
26024
2135490589
26024
2134638621
26024
1683030076
26166
2135490589
26166
2134638621
26308
1683030076
26591
2135490589
26591
2134638621
26591
1683030076
26874
1682767963
26874
1683030076
27157
2135490589
27157
2134638621
27157
1683030076
27440
2135490589
27440
2134638621
27440
1682636859
27440
1681784891
27581
1682767963
27652
1682767963
27723
2135490589
27723
2134638621
27723
1682767963
27864
1682767963
28006
2135490589
28006
2134638621
28006
1682767963
28147
1682767963
28218
1682767963
28289
2135490589
28289
2134638621
28289
1682767963
28430
1682767963
28572
2135490589
28572
2134638621
28572
1682767963
28713
1682767963
28784
1681850426
28784
1682702394
28855
2135490589
28855
2134638621
28855
1682767963
28996
1682767963
29138
2135490589
29138
2134638621
29138
1682767963
29279
1682767963
29421
2135490589
29421
2134638621
29421
1682636859
29421
1681784891
29704
2135490589
29704
2134638621
29704
1682767963
29704
1683030076
29774
2135490589
29774
2134638621
29845
2135490589
29845
2134638621
29916
2135490589
29916
2134638621
29987
2135490589
29987
2134638621
29987
1682767963
29987
1682833500
30057
2135490589
30057
2134638621
30128
2135490589
30128
2134638621
30128
1682833500
30199
2135490589
30199
2134638621
30270
2135490589
30270
2134638621
30270
1682767963
30270
1682833500
30340
2135490589
30340
2134638621
30411
2135490589
30411
2134638621
30411
1682833500
30482
2135490589
30482
2134638621
30553
2135490589
30553
2134638621
30553
1682767963
30553
1682833500
30623
2135490589
30623
2134638621
30694
2135490589
30694
2134638621
30694
1682833500
30765
2135490589
30765
2134638621
30836
2135490589
30836
2134638621
30836
1682767963
30836
1682833500
30906
2135490589
30906
2134638621
30977
2135490589
30977
2134638621
30977
1682833500
31048
2135490589
31048
2134638621
31119
2135490589
31119
2134638621
31119
1682767963
31119
1682833500
31189
2135490589
31189
2134638621
31260
2135490589
31260
2134638621
31260
1682833500
31331
2135490589
31331
2134638621
31402
2135490589
31402
2134638621
31402
1682767963
31402
1682833500
31472
2135490589
31472
2134638621
31543
2135490589
31543
2134638621
31543
1682833500
31614
2135490589
31614
2134638621
31685
2135490589
31685
2134638621
31685
1682767963
31685
1682833500
31755
2135490589
31755
2134638621
31826
2135490589
31826
2134638621
31826
1682833500
31897
2135490589
31897
2134638621
31968
2135490589
31968
2134638621
31968
1682767963
31968
1683030076
32038
2135490589
32038
2134638621
32109
2135490589
32109
2134638621
32180
2135490589
32180
2134638621
32251
2135490589
32251
2134638621
32251
1682767963
32251
1682833500
32321
2135490589
32321
2134638621
32392
2135490589
32392
2134638621
32392
1682833500
32463
2135490589
32463
2134638621
32534
2135490589
32534
2134638621
32534
1682767963
32534
1682833500
32604
2135490589
32604
2134638621
32675
2135490589
32675
2134638621
32675
1682833500
32746
2135490589
32746
2134638621
32817
2135490589
32817
2134638621
32817
1682767963
32817
1682833500
32887
2135490589
32887
2134638621
32958
2135490589
32958
2134638621
32958
1682833500
33029
2135490589
33029
2134638621
33100
2135490589
33100
2134638621
33100
1682767963
33100
1683030076
33170
2135490589
33170
2134638621
33241
2135490589
33241
2134638621
33312
2135490589
33312
2134638621
33383
2135490589
33383
2134638621
33383
1681850426
33383
1682702394
33383
1682636859
33383
1681784891
33453
2135490589
33453
2134638621
33524
2135490589
33524
2134638621
33524
1681850426
33524
1682702394
33524
1682636859
33524
1681784891
33595
2135490589
33595
2134638621
33666
2135490589
33666
2134638621
33736
2135490589
33736
2134638621
33807
2135490589
33807
2134638621
33807
1682636859
33807
1681784891
33807
2135556125
33807
2134704157
33878
2135490589
33878
2134638621
33949
2135490589
33949
2134638621
33949
1682636859
33949
1681784891
33949
2135556125
33949
2134704157
34019
2135490589
34019
2134638621
34090
2135490589
34090
2134638621
34161
2135490589
34161
2134638621
34232
2135490589
34232
2134638621
34232
1682767963
34232
1683030076
34302
2135490589
34302
2134638621
34373
2135490589
34373
2134638621
34444
2135490589
34444
2134638621
34515
2135490589
34515
2134638621
34515
1682767963
34515
1682833500
34585
2135490589
34585
2134638621
34656
2135490589
34656
2134638621
34656
1682833500
34727
2135490589
34727
2134638621
34798
2135490589
34798
2134638621
34798
1682767963
34798
1682833500
34868
2135490589
34868
2134638621
34939
2135490589
34939
2134638621
34939
1682833500
35010
2135490589
35010
2134638621
35081
2135490589
35081
2134638621
35081
1682767963
35081
1682833500
35151
2135490589
35151
2134638621
35222
2135490589
35222
2134638621
35222
1682833500
35293
2135490589
35293
2134638621
35364
2135490589
35364
2134638621
35364
1682767963
35364
1682833500
35434
2135490589
35434
2134638621
35505
2135490589
35505
2134638621
35505
1682833500
35576
2135490589
35576
2134638621
35647
2135490589
35647
2134638621
35647
1682767963
35647
1682833500
35717
2135490589
35717
2134638621
35788
2135490589
35788
2134638621
35788
1682833500
35859
2135490589
35859
2134638621
35930
2135490589
35930
2134638621
35930
1682767963
35930
1682833500
36000
2135490589
36000
2134638621
36071
2135490589
36071
2134638621
36071
1682833500
36142
2135490589
36142
2134638621
36213
2135490589
36213
2134638621
36213
1682767963
36213
1682964573
36283
2135490589
36283
2134638621
36354
2135490589
36354
2134638621
36425
2135490589
36425
2134638621
36496
2135490589
36496
2134638621
36496
1682767963
36496
1683030076
36566
2135490589
36566
2134638621
36637
2135490589
36637
2134638621
36708
2135490589
36708
2134638621
36779
2135490589
36779
2134638621
36779
1682767963
36779
1682833500
36849
2135490589
36849
2134638621
36920
2135490589
36920
2134638621
36920
1682833500
36991
2135490589
36991
2134638621
37062
2135490589
37062
2134638621
37062
1682767963
37062
1682833500
37132
2135490589
37132
2134638621
37203
2135490589
37203
2134638621
37203
1682833500
37274
2135490589
37274
2134638621
37345
1682767963
37345
1683030076
37628
2135490589
37628
2134638621
37628
1682833500
37911
2135490589
37911
2134638621
37911
1683030076
38194
1682767963
38335
1682767963
38477
1682767963
38618
1682767963
38760
2135490589
38760
2134638621
38760
1683030076
39043
1683030076
39326
1682767963
39326
1683030076
39609
1683030076
39750
2135490589
39750
2134638621
39892
2135490589
39892
2134638621
39892
1683030076
40175
1683030076
40316
2135490589
40316
2134638621
40458
1682767963
40458
1683030076
40741
2135490589
40741
2134638621
40741
1683030076
40811
2135490589
40811
2134638621
40882
2135490589
40882
2134638621
40953
2135490589
40953
2134638621
41024
2135490589
41024
2134638621
41024
1683030076
41307
1683030076
41590
1682767963
41590
1683030076
41874
1683030076
42015
2135490589
42015
2134638621
42157
2135490589
42157
2134638621
42157
1683030076
42440
1683030076
42581
2135490589
42581
2134638621
42723
1682767963
42723
1683030076
43006
2135490589
43006
2134638621
43006
1683030076
43289
2135490589
43289
2134638621
43289
1682833500
43289
1683030076
43572
1683030076
43855
1682767963
43855
1683030076
44138
1683030076
44279
2135490589
44279
2134638621
44421
2135490589
44421
2134638621
44421
1683030076
44704
1683030076
44845
2135490589
44845
2134638621
44987
1682767963
44987
1683030076
45270
2135490589
45270
2134638621
45270
1683030076
45340
2135490589
45340
2134638621
45411
2135490589
45411
2134638621
45482
2135490589
45482
2134638621
45553
2135490589
45553
2134638621
45553
1683030076
45836
1683030076
46119
1682767963
46119
1683030076
46402
1683030076
46543
1682767963
46685
2135490589
46685
2134638621
46685
1682833500
46968
1682767963
47109
1682767963
47251
1682767963
47392
1682767963
47534
1682767963
47817
2135490589
47817
2134638621
47817
1682833500
47817
1683030076
48100
1683030076
48241
2135490589
48241
2134638621
48383
1682767963
48383
1683030076
48666
2135490589
48666
2134638621
48666
1683030076
48949
1683030076
49090
2135490589
49090
2134638621
49232
1683030076
49373
2135490589
49373
2134638621
49515
1682767963
49515
1683030076
49798
2135490589
49798
2134638621
49798
1683030076
50081
2135490589
50081
2134638621
50081
1682833500
50081
1683030076
50364
1683030076
50505
2135490589
50505
2134638621
50647
1682767963
50647
1683030076
50930
2135490589
50930
2134638621
50930
1683030076
51213
2135490589
51213
2134638621
51213
1682833500
51213
1683030076
51496
1683030076
51637
2135490589
51637
2134638621
51779
1682767963
51779
1683030076
52062
2135490589
52062
2134638621
52062
1683030076
52345
2135490589
52345
2134638621
52345
1682833500
52345
1683030076
52628
1683030076
52769
2135490589
52769
2134638621
52911
1682767963
52911
1683030076
53194
2135490589
53194
2134638621
53194
1683030076
53477
1683030076
53618
2135490589
53618
2134638621
53760
1683030076
53901
2135490589
53901
2134638621
54043
1682767963
54043
1683030076
54184
2135490589
54184
2134638621
54326
2135490589
54326
2134638621
54326
1683030076
54609
2135490589
54609
2134638621
54609
1682833500
54609
1683030076
54892
1683030076
55033
2135490589
55033
2134638621
55175
1682767963
55175
1683030076
55458
2135490589
55458
2134638621
55458
1683030076
55741
2135490589
55741
2134638621
55741
1682833500
55741
1683030076
56024
1682767963
56094
1682767963
56165
1682767963
56236
1682767963
56307
1682767963
56448
1682767963
56590
1682767963
56873
2135490589
56873
2134638621
56873
1682833500
56873
1683030076
57156
1683030076
57297
2135490589
57297
2134638621
57439
1682767963
57439
1683030076
57723
2135490589
57723
2134638621
57723
1683030076
57864
2135490589
57864
2134638621
58006
1683030076
58289
2135490589
58289
2134638621
58289
1683030076
58572
1682767963
58572
1683030076
58855
2135490589
58855
2134638621
58855
1683030076
59138
2135490589
59138
2134638621
59138
1682833500
59138
1683030076
59421
1683030076
59562
2135490589
59562
2134638621
59704
1682767963
59704
1683030076
59987
2135490589
59987
2134638621
59987
1683030076
60270
2135490589
60270
2134638621
60270
1683030076
60836
2135490589
60836
2134638621
60836
1683030076
61402
2135490589
61402
2134638621
61402
1682833500
61685
1682964573
61826
2135490589
61826
2134638621
61968
1682767963
61968
1682964573
62251
2135490589
62251
2134638621
62251
1682964573
62392
2135490589
62392
2134638621
62534
1682964573
62817
2135490589
62817
2134638621
62817
1682964573
63100
1682767963
63100
1683030076
63383
2135490589
63383
2134638621
63383
1682964573
63666
2135490589
63666
2134638621
63666
1683030076
63949
1682964573
64090
2135490589
64090
2134638621
64232
1682767963
64232
1682964573
64515
2135490589
64515
2134638621
64515
1682964573
64656
2135490589
64656
2134638621
64798
1682964573
65081
2135490589
65081
2134638621
65081
1682964573
65364
1682767963
65364
1683030076
65647
1681850426
65647
1682702394
65718
1681850426
65718
1682702394
65789
1682636859
65789
1681784891
65859
1682636859
65859
1681784891
65930
2135490589
65930
2134638621
65930
1683030076
66213
1682964573
66354
2135490589
66354
2134638621
66496
1682767963
66496
1682964573
66779
2135490589
66779
2134638621
66779
1682964573
66920
2135490589
66920
2134638621
67062
1682964573
67345
2135490589
67345
2134638621
67345
1682964573
67628
1682767963
67628
1683030076
67911
2135490589
67911
2134638621
67911
1682964573
68194
2135490589
68194
2134638621
68194
1682964573
68477
1682964573
68618
2135490589
68618
2134638621
68760
1682767963
68760
1683030076
69043
1681850426
69043
1682702394
69113
1681850426
69113
1682702394
69184
1681850426
69184
1682702394
69255
1681850426
69255
1682702394
69326
2135490589
69326
2134638621
69396
2135490589
69396
2134638621
69467
1682636859
69467
1681784891
69538
1682636859
69538
1681784891
69609
1682636859
69609
1681784891
69679
1682636859
69679
1681784891
69750
2135490589
69750
2134638621
69821
2135490589
69821
2134638621
69892
1682767963
69892
1683030076
70033
2135490589
70033
2134638621
70175
1682636859
70175
1681784891
70175
2135556125
70175
2134704157
70316
2135490589
70316
2134638621
70458
2135490589
70458
2134638621
70458
1682833500
70741
1682964573
70882
2135490589
70882
2134638621
71024
1682767963
71024
1682964573
71307
2135490589
71307
2134638621
71307
1682964573
71448
2135490589
71448
2134638621
71590
1682964573
71873
2135490589
71873
2134638621
71873
1682964573
72156
1682767963
72156
1683030076
72439
2135490589
72439
2134638621
72439
1682964573
72722
2135490589
72722
2134638621
72722
1682833500
73005
1682964573
73147
2135490589
73147
2134638621
73289
1682767963
73289
1682964573
73572
2135490589
73572
2134638621
73572
1682964573
73713
2135490589
73713
2134638621
73855
1682964573
74138
2135490589
74138
2134638621
74138
1682964573
74421
1682767963
74421
1683030076
74704
2135490589
74704
2134638621
74704
1682833500
74987
2135490589
74987
2134638621
74987
1683030076
75270
1682964573
75411
2135490589
75411
2134638621
75553
1682767963
75553
1682964573
75836
2135490589
75836
2134638621
75836
1682964573
75977
2135490589
75977
2134638621
76119
1682964573
76402
2135490589
76402
2134638621
76402
1682964573
76685
1682767963
76685
1682964573
76968
2135490589
76968
2134638621
76968
1682964573
77251
2135556125
77251
2134704157
77392
1682767963
77534
1682767963
77675
1682767963
77817
1682767963
77958
1682767963
78029
1681850426
78029
1682702394
78100
1682767963
78241
1681850426
78241
1682702394
78383
1682636859
78383
1681784891
78524
1682636859
78524
1681784891
78595
1682636859
78595
1681784891
78666
1682636859
78666
1681784891
78807
1682636859
78807
1681784891
78949
2135556125
78949
2134704157
79090
2135556125
79090
2134704157
79232
2135556125
79232
2134704157
79515
2135490589
79515
2134638621
79515
1682767963
79515
1683030076
79585
2135490589
79585
2134638621
79656
2135490589
79656
2134638621
79727
2135490589
79727
2134638621
79798
2135490589
79798
2134638621
79798
1682767963
79798
1682833500
79868
2135490589
79868
2134638621
79939
2135490589
79939
2134638621
79939
1682833500
80010
2135490589
80010
2134638621
80081
2135490589
80081
2134638621
80081
1682767963
80081
1682833500
80151
2135490589
80151
2134638621
80222
2135490589
80222
2134638621
80222
1682833500
80293
2135490589
80293
2134638621
80364
2135490589
80364
2134638621
80364
1682767963
80364
1682833500
80434
2135490589
80434
2134638621
80505
2135490589
80505
2134638621
80505
1682833500
80576
2135490589
80576
2134638621
80647
2135490589
80647
2134638621
80647
1682767963
80647
1682833500
80717
2135490589
80717
2134638621
80788
2135490589
80788
2134638621
80788
1682833500
80859
2135490589
80859
2134638621
80930
2135490589
80930
2134638621
80930
1682767963
80930
1682833500
81000
2135490589
81000
2134638621
81071
2135490589
81071
2134638621
81071
1682833500
81142
2135490589
81142
2134638621
81213
2135490589
81213
2134638621
81213
1682767963
81213
1682833500
81283
2135490589
81283
2134638621
81354
2135490589
81354
2134638621
81354
1682833500
81425
2135490589
81425
2134638621
81496
2135490589
81496
2134638621
81496
1682767963
81496
1682833500
81566
2135490589
81566
2134638621
81637
2135490589
81637
2134638621
81637
1682833500
81708
2135490589
81708
2134638621
81779
2135490589
81779
2134638621
81779
1682767963
81779
1683030076
81849
2135490589
81849
2134638621
81920
2135490589
81920
2134638621
81991
2135490589
81991
2134638621
82062
2135490589
82062
2134638621
82062
1682767963
82062
1682833500
82132
2135490589
82132
2134638621
82203
2135490589
82203
2134638621
82203
1682833500
82274
2135490589
82274
2134638621
82345
2135490589
82345
2134638621
82345
1682767963
82345
1682833500
82415
2135490589
82415
2134638621
82486
2135490589
82486
2134638621
82486
1682833500
82557
2135490589
82557
2134638621
82628
2135490589
82628
2134638621
82628
1682767963
82628
1682833500
82698
2135490589
82698
2134638621
82769
2135490589
82769
2134638621
82769
1682833500
82840
2135490589
82840
2134638621
82911
2135490589
82911
2134638621
82911
1682767963
82911
1682833500
82981
2135490589
82981
2134638621
83052
2135490589
83052
2134638621
83052
1682833500
83123
2135490589
83123
2134638621
83194
2135490589
83194
2134638621
83194
1682767963
83194
1682833500
83264
2135490589
83264
2134638621
83335
2135490589
83335
2134638621
83335
1682833500
83406
2135490589
83406
2134638621
83477
2135490589
83477
2134638621
83477
1682767963
83477
1682833500
83547
2135490589
83547
2134638621
83618
2135490589
83618
2134638621
83618
1682833500
83689
2135490589
83689
2134638621
83760
2135490589
83760
2134638621
83760
1682767963
83760
1682964573
83830
2135490589
83830
2134638621
83901
2135490589
83901
2134638621
83972
2135490589
83972
2134638621
84043
2135490589
84043
2134638621
84043
1682767963
84043
1683030076
84113
2135490589
84113
2134638621
84184
2135490589
84184
2134638621
84255
2135490589
84255
2134638621
84326
2135490589
84326
2134638621
84326
1682767963
84326
1682833500
84396
2135490589
84396
2134638621
84467
2135490589
84467
2134638621
84467
1682833500
84538
2135490589
84538
2134638621
84609
2135490589
84609
2134638621
84609
1682767963
84609
1682833500
84679
2135490589
84679
2134638621
84750
2135490589
84750
2134638621
84750
1682833500
84821
2135490589
84821
2134638621
84892
2135490589
84892
2134638621
84892
1682767963
84892
1682833500
84962
2135490589
84962
2134638621
85033
2135490589
85033
2134638621
85033
1682833500
85104
2135490589
85104
2134638621
85175
2135490589
85175
2134638621
85175
1682767963
85175
1682833500
85245
2135490589
85245
2134638621
85316
2135490589
85316
2134638621
85316
1682833500
85387
2135490589
85387
2134638621
85458
2135490589
85458
2134638621
85458
1682767963
85458
1682833500
85528
2135490589
85528
2134638621
85599
2135490589
85599
2134638621
85599
1682833500
85670
2135490589
85670
2134638621
85741
2135490589
85741
2134638621
85741
1682767963
85741
1682833500
85811
2135490589
85811
2134638621
85882
2135490589
85882
2134638621
85882
1682833500
85953
2135490589
85953
2134638621
86024
2135490589
86024
2134638621
86024
1682767963
86024
1682833500
86094
2135490589
86094
2134638621
86165
2135490589
86165
2134638621
86165
1682833500
86236
2135490589
86236
2134638621
86307
2135490589
86307
2134638621
86307
1682767963
86307
1683030076
86377
2135490589
86377
2134638621
86448
2135490589
86448
2134638621
86519
2135490589
86519
2134638621
86590
2135490589
86590
2134638621
86590
1682767963
86590
1682833500
86660
2135490589
86660
2134638621
86731
2135490589
86731
2134638621
86731
1682833500
86802
2135490589
86802
2134638621
86873
2135490589
86873
2134638621
86873
1682767963
86873
1682833500
86943
2135490589
86943
2134638621
87014
2135490589
87014
2134638621
87014
1682833500
87085
2135490589
87085
2134638621
87156
1682767963
87156
1683030076
87439
2135490589
87439
2134638621
87439
1682833500
87722
2135490589
87722
2134638621
87722
1683030076
88005
1682767963
88146
1682767963
88288
1682767963
88429
1682767963
88571
2135490589
88571
2134638621
88571
1683030076
88854
1683030076
89138
1682767963
89138
1683030076
89421
1683030076
89562
2135490589
89562
2134638621
89704
2135490589
89704
2134638621
89704
1683030076
89987
1683030076
90128
2135490589
90128
2134638621
90270
1682767963
90270
1683030076
90553
2135490589
90553
2134638621
90553
1683030076
90623
2135490589
90623
2134638621
90694
2135490589
90694
2134638621
90765
2135490589
90765
2134638621
90836
2135490589
90836
2134638621
90836
1683030076
91119
1683030076
91402
1682767963
91402
1683030076
91685
1683030076
91826
2135490589
91826
2134638621
91968
2135490589
91968
2134638621
91968
1683030076
92251
1683030076
92392
2135490589
92392
2134638621
92534
1682767963
92534
1683030076
92817
2135490589
92817
2134638621
92817
1683030076
93100
2135490589
93100
2134638621
93100
1682833500
93100
1683030076
93383
1683030076
93666
1682767963
93666
1683030076
93949
1683030076
94232
2135490589
94232
2134638621
94232
1683030076
94515
1683030076
94656
2135490589
94656
2134638621
94798
1682767963
94798
1683030076
95081
2135490589
95081
2134638621
95081
1683030076
95151
2135490589
95151
2134638621
95222
2135490589
95222
2134638621
95293
2135490589
95293
2134638621
95364
2135490589
95364
2134638621
95364
1683030076
95647
1683030076
95930
1682767963
95930
1683030076
96213
1683030076
96354
1682767963
96496
2135490589
96496
2134638621
96496
1682833500
96779
1682767963
96920
1682767963
97062
1682767963
97203
1682767963
97345
1682767963
97628
2135490589
97628
2134638621
97628
1682833500
97628
1683030076
97911
1683030076
98052
2135490589
98052
2134638621
98194
1682767963
98194
1683030076
98477
2135490589
98477
2134638621
98477
1683030076
98760
1683030076
98901
2135490589
98901
2134638621
99043
1683030076
99184
2135490589
99184
2134638621
99326
1682767963
99326
1683030076
99609
2135490589
99609
2134638621
99609
1683030076
99892
2135490589
99892
2134638621
99892
1682833500
99892
1683030076
100175
1683030076
100316
2135490589
100316
2134638621
100458
1682767963
100458
1683030076
100741
2135490589
100741
2134638621
100741
1683030076
101024
2135490589
101024
2134638621
101024
1682833500
101024
1683030076
101307
1683030076
101448
2135490589
101448
2134638621
101590
1682767963
101590
1683030076
101873
2135490589
101873
2134638621
101873
1683030076
102156
2135490589
102156
2134638621
102156
1682833500
102156
1683030076
102439
1683030076
102580
2135490589
102580
2134638621
102722
1682767963
102722
1683030076
103005
2135490589
103005
2134638621
103005
1683030076
103288
1683030076
103429
2135490589
103429
2134638621
103571
1683030076
103712
2135490589
103712
2134638621
103854
1682767963
103854
1683030076
103995
2135490589
103995
2134638621
104137
2135490589
104137
2134638621
104137
1683030076
104420
2135490589
104420
2134638621
104420
1682833500
104420
1683030076
104703
1683030076
104845
2135490589
104845
2134638621
104987
1682767963
104987
1683030076
105270
2135490589
105270
2134638621
105270
1683030076
105553
2135490589
105553
2134638621
105553
1682833500
105553
1683030076
105836
1682767963
105906
1682767963
105977
1682767963
106048
1682767963
106119
1682767963
106260
1682767963
106402
1682767963
106685
2135490589
106685
2134638621
106685
1682833500
106685
1683030076
106968
1683030076
107109
2135490589
107109
2134638621
107251
1682767963
107251
1683030076
107534
2135490589
107534
2134638621
107534
1683030076
107675
2135490589
107675
2134638621
107817
1683030076
108100
2135490589
108100
2134638621
108100
1683030076
108383
1682767963
108383
1683030076
108666
2135490589
108666
2134638621
108666
1683030076
108949
2135490589
108949
2134638621
108949
1682833500
108949
1683030076
109232
1683030076
109373
2135490589
109373
2134638621
109515
1682767963
109515
1683030076
109798
2135490589
109798
2134638621
109798
1683030076
110081
2135490589
110081
2134638621
110081
1682964573
110222
1682636859
110222
1681784891
110364
1682636859
110364
1681784891
110505
1682636859
110505
1681784891
110647
2135490589
110647
2134638621
110647
1682964573
110788
2135556125
110788
2134704157
110930
2135556125
110930
2134704157
111071
2135556125
111071
2134704157
111213
2135490589
111213
2134638621
111213
1683030076
111496
1682964573
111637
2135490589
111637
2134638621
111779
1682767963
111779
1682964573
112062
2135490589
112062
2134638621
112062
1682964573
112203
2135490589
112203
2134638621
112345
1682964573
112628
2135490589
112628
2134638621
112628
1682964573
112911
1682767963
112911
1682964573
113194
2135490589
113194
2134638621
113194
1682964573
113477
2135490589
113477
2134638621
113477
1683030076
113760
1682964573
113901
2135490589
113901
2134638621
114043
1682767963
114043
1682964573
114326
2135490589
114326
2134638621
114326
1682964573
114467
2135490589
114467
2134638621
114609
1682964573
114892
2135490589
114892
2134638621
114892
1682964573
115175
1682767963
115175
1683030076
115316
2135490589
115316
2134638621
115458
1682636859
115458
1681784891
115458
2135556125
115458
2134704157
115599
1682636859
115599
1681784891
115599
2135556125
115599
2134704157
115741
2135490589
115741
2134638621
115741
1683030076
116024
1682964573
116165
2135490589
116165
2134638621
116307
1682767963
116307
1682964573
116590
2135490589
116590
2134638621
116590
1682964573
116731
2135490589
116731
2134638621
116873
1682964573
117156
2135490589
117156
2134638621
117156
1682964573
117439
1682767963
117439
1683030076
117722
2135490589
117722
2134638621
117722
1682964573
118005
2135490589
118005
2134638621
118005
1683030076
118288
1682964573
118429
2135490589
118429
2134638621
118571
1682767963
118571
1682964573
118854
2135490589
118854
2134638621
118854
1682964573
118995
2135490589
118995
2134638621
119137
1682964573
119420
2135490589
119420
2134638621
119420
1682964573
119703
1682767963
119703
1683030076
119986
1681850426
119986
1682702394
120033
1681850426
120033
1682702394
120080
1682636859
120080
1681784891
120127
1682636859
120127
1681784891
120269
2135490589
120269
2134638621
120269
1683030076
120553
1682964573
120694
2135490589
120694
2134638621
120836
1682767963
120836
1682964573
121119
2135490589
121119
2134638621
121119
1682964573
121260
2135490589
121260
2134638621
121402
1682964573
121685
2135490589
121685
2134638621
121685
1682964573
121968
1682767963
121968
1683030076
122251
2135490589
122251
2134638621
122251
1682964573
122534
2135490589
122534
2134638621
122534
1683030076
122817
1682964573
122958
2135490589
122958
2134638621
123100
1682767963
123100
1682964573
123383
2135490589
123383
2134638621
123383
1682964573
123524
2135490589
123524
2134638621
123666
1682964573
123949
2135490589
123949
2134638621
123949
1682964573
124232
1682767963
124232
1683030076
124515
2135490589
124515
2134638621
124515
1682833500
124798
2135490589
124798
2134638621
124798
1683030076
125081
1682964573
125222
2135490589
125222
2134638621
125364
1682767963
125364
1682964573
125647
2135490589
125647
2134638621
125647
1682964573
125788
2135490589
125788
2134638621
125930
1682964573
126213
2135490589
126213
2134638621
126213
1682964573
126496
1682767963
126496
1683030076
126779
2135490589
126779
2134638621
126779
1682964573
127062
2135556125
127062
2134704157
127203
1682767963
127274
1682767963
127345
1682767963
127486
1682767963
127628
1682767963
127769
1681850426
127769
1682702394
127840
1681850426
127840
1682702394
127911
1681850426
127911
1682702394
128052
1681850426
128052
1682702394
128194
1682636859
128194
1681784891
128335
1682636859
128335
1681784891
128406
1682636859
128406
1681784891
128477
1682636859
128477
1681784891
128619
1682636859
128619
1681784891
128760
2135556125
128760
2134704157
128902
2135556125
128902
2134704157
129043
2135556125
129043
2134704157
129326
2135490589
129326
2134638621
129326
1682767963
129326
1683030076
129396
2135490589
129396
2134638621
129467
2135490589
129467
2134638621
129538
2135490589
129538
2134638621
129609
2135490589
129609
2134638621
129609
1682767963
129609
1682833500
129679
2135490589
129679
2134638621
129750
2135490589
129750
2134638621
129821
2135490589
129821
2134638621
129892
2135490589
129892
2134638621
129892
1682767963
129892
1682833500
129962
2135490589
129962
2134638621
130033
2135490589
130033
2134638621
130104
2135490589
130104
2134638621
130175
2135490589
130175
2134638621
130175
1682767963
130175
1682833500
130245
2135490589
130245
2134638621
130316
2135490589
130316
2134638621
130387
2135490589
130387
2134638621
130458
2135490589
130458
2134638621
130458
1682767963
130458
1682833500
130528
2135490589
130528
2134638621
130599
2135490589
130599
2134638621
130670
2135490589
130670
2134638621
130741
2135490589
130741
2134638621
130741
1682767963
130741
1682833500
130811
2135490589
130811
2134638621
130882
2135490589
130882
2134638621
130953
2135490589
130953
2134638621
131024
2135490589
131024
2134638621
131024
1682767963
131024
1682833500
131094
2135490589
131094
2134638621
131165
2135490589
131165
2134638621
131236
2135490589
131236
2134638621
131307
2135490589
131307
2134638621
131307
1682767963
131307
1682833500
131377
2135490589
131377
2134638621
131448
2135490589
131448
2134638621
131519
2135490589
131519
2134638621
131590
2135490589
131590
2134638621
131590
1682767963
131590
1682833500
131660
2135490589
131660
2134638621
131731
2135490589
131731
2134638621
131802
2135490589
131802
2134638621
131873
2135490589
131873
2134638621
131873
1682767963
131873
1682833500
131943
2135490589
131943
2134638621
132014
2135490589
132014
2134638621
132085
2135490589
132085
2134638621
132156
2135490589
132156
2134638621
132156
1682767963
132156
1682833500
132226
2135490589
132226
2134638621
132297
2135490589
132297
2134638621
132368
2135490589
132368
2134638621
132439
2135490589
132439
2134638621
132439
1682767963
132439
1683030076
132509
2135490589
132509
2134638621
132580
2135490589
132580
2134638621
132651
2135490589
132651
2134638621
132722
2135490589
132722
2134638621
132722
1682636859
132722
1681784891
132792
2135490589
132792
2134638621
132792
1682636859
132792
1681784891
132863
2135490589
132863
2134638621
132863
1682636859
132863
1681784891
132934
2135490589
132934
2134638621
133005
2135490589
133005
2134638621
133005
1682767963
133005
1683030076
133075
2135490589
133075
2134638621
133146
2135490589
133146
2134638621
133217
2135490589
133217
2134638621
133288
2135490589
133288
2134638621
133288
1682636859
133288
1681784891
133358
2135490589
133358
2134638621
133358
1682636859
133358
1681784891
133429
2135490589
133429
2134638621
133429
1682636859
133429
1681784891
133500
2135490589
133500
2134638621
133571
2135490589
133571
2134638621
133571
1682767963
133571
1683030076
133641
2135490589
133641
2134638621
133712
2135490589
133712
2134638621
133783
2135490589
133783
2134638621
133854
2135490589
133854
2134638621
133854
1682767963
133854
1683030076
133924
2135490589
133924
2134638621
133995
2135490589
133995
2134638621
134066
2135490589
134066
2134638621
134137
2135490589
134137
2134638621
134137
1682767963
134137
1682833500
134207
2135490589
134207
2134638621
134278
2135490589
134278
2134638621
134349
2135490589
134349
2134638621
134420
2135490589
134420
2134638621
134420
1682767963
134420
1682833500
134490
2135490589
134490
2134638621
134561
2135490589
134561
2134638621
134632
2135490589
134632
2134638621
134703
2135490589
134703
2134638621
134703
1682767963
134703
1682833500
134773
2135490589
134773
2134638621
134844
2135490589
134844
2134638621
134915
2135490589
134915
2134638621
134986
2135490589
134986
2134638621
134986
1682767963
134986
1683030076
135056
2135490589
135056
2134638621
135127
2135490589
135127
2134638621
135198
2135490589
135198
2134638621
135269
2135490589
135269
2134638621
135269
1682767963
135269
1682833500
135339
2135490589
135339
2134638621
135410
2135490589
135410
2134638621
135481
2135490589
135481
2134638621
135552
2135490589
135552
2134638621
135552
1682767963
135552
1683030076
135622
2135490589
135622
2134638621
135693
2135490589
135693
2134638621
135764
2135490589
135764
2134638621
135835
2135490589
135835
2134638621
135835
1682767963
135835
1682833500
135905
2135490589
135905
2134638621
135976
2135490589
135976
2134638621
136047
2135490589
136047
2134638621
136118
2135490589
136118
2134638621
136118
1682767963
136118
1683030076
136189
2135490589
136189
2134638621
136260
2135490589
136260
2134638621
136331
2135490589
136331
2134638621
136402
2135490589
136402
2134638621
136402
1682767963
136402
1682833500
136472
2135490589
136472
2134638621
136543
2135490589
136543
2134638621
136614
2135490589
136614
2134638621
136685
2135490589
136685
2134638621
136685
1682767963
136685
1682833500
136755
2135490589
136755
2134638621
136826
2135490589
136826
2134638621
136897
2135490589
136897
2134638621
136968
2135490589
136968
2134638621
136968
1682767963
136968
1682833500
137038
2135490589
137038
2134638621
137109
2135490589
137109
2134638621
137180
2135490589
137180
2134638621
137251
2135490589
137251
2134638621
137251
1682767963
137251
1683030076
137321
2135490589
137321
2134638621
137392
2135490589
137392
2134638621
137463
2135490589
137463
2134638621
137534
2135490589
137534
2134638621
137534
1682767963
137534
1682833500
137604
2135490589
137604
2134638621
137675
2135490589
137675
2134638621
137746
2135490589
137746
2134638621
137817
2135490589
137817
2134638621
137817
1682767963
137817
1683030076
137887
2135490589
137887
2134638621
137958
2135490589
137958
2134638621
138029
2135490589
138029
2134638621
138100
2135490589
138100
2134638621
138100
1682767963
138100
1682964573
138170
2135490589
138170
2134638621
138241
2135490589
138241
2134638621
138312
2135490589
138312
2134638621
138383
2135490589
138383
2134638621
138383
1682767963
138383
1683030076
138453
2135490589
138453
2134638621
138524
2135490589
138524
2134638621
138595
2135490589
138595
2134638621
138666
2135490589
138666
2134638621
138666
1682767963
138666
1682833500
138736
2135490589
138736
2134638621
138807
2135490589
138807
2134638621
138878
2135490589
138878
2134638621
138949
2135490589
138949
2134638621
138949
1682767963
138949
1682833500
139019
2135490589
139019
2134638621
139090
2135490589
139090
2134638621
139161
2135490589
139161
2134638621
139232
2135490589
139232
2134638621
139232
1682767963
139232
1682833500
139302
2135490589
139302
2134638621
139373
2135490589
139373
2134638621
139444
2135490589
139444
2134638621
139515
2135490589
139515
2134638621
139515
1682767963
139515
1683030076
139585
2135490589
139585
2134638621
139656
2135490589
139656
2134638621
139727
2135490589
139727
2134638621
139798
2135490589
139798
2134638621
139798
1682767963
139798
1682833500
139868
2135490589
139868
2134638621
139939
2135490589
139939
2134638621
140010
2135490589
140010
2134638621
140081
2135490589
140081
2134638621
140081
1682767963
140081
1683030076
140151
2135490589
140151
2134638621
140222
2135490589
140222
2134638621
140293
2135490589
140293
2134638621
140364
2135490589
140364
2134638621
140364
1682767963
140364
1682833500
140434
2135490589
140434
2134638621
140505
2135490589
140505
2134638621
140576
2135490589
140576
2134638621
140647
2135490589
140647
2134638621
140647
1682767963
140647
1683030076
140718
2135490589
140718
2134638621
140788
2135490589
140788
2134638621
140859
2135490589
140859
2134638621
140930
2135490589
140930
2134638621
140930
1682767963
140930
1682833500
141000
2135490589
141000
2134638621
141071
2135490589
141071
2134638621
141142
2135490589
141142
2134638621
141213
2135490589
141213
2134638621
141213
1682767963
141213
1682833500
141283
2135490589
141283
2134638621
141354
2135490589
141354
2134638621
141425
2135490589
141425
2134638621
141496
2135490589
141496
2134638621
141496
1682767963
141496
1682833500
141566
2135490589
141566
2134638621
141637
2135490589
141637
2134638621
141708
2135490589
141708
2134638621
141779
2135490589
141779
2134638621
141779
1682767963
141779
1683030076
141849
2135490589
141849
2134638621
141920
2135490589
141920
2134638621
141991
2135490589
141991
2134638621
142062
2135490589
142062
2134638621
142062
1682767963
142062
1682833500
142132
2135490589
142132
2134638621
142203
2135490589
142203
2134638621
142274
2135490589
142274
2134638621
142345
1682767963
142345
1683030076
142628
1682767963
142628
1683030076
142911
2135490589
142911
2134638621
142911
1682767963
142911
2135556125
142911
2134704157
143052
1682767963
143052
2135556125
143052
2134704157
143194
1682767963
143194
2135556125
143194
2134704157
143335
1682767963
143335
2135556125
143335
2134704157
143477
2135490589
143477
2134638621
144043
2135490589
144043
2134638621
144609
2135490589
144609
2134638621
145175
2135490589
145175
2134638621
145741
2135490589
145741
2134638621
146307
2135490589
146307
2134638621
146873
2135490589
146873
2134638621
147439
2135490589
147439
2134638621
147439
1682767963
147580
1682767963
147722
1682767963
147863
1682767963
148005
2135490589
148005
2134638621
148571
2135490589
148571
2134638621
148571
1682767963
148712
1682767963
148854
1682767963
149137
2135490589
149137
2134638621
149703
2135490589
149703
2134638621
149703
1682767963
149844
1682767963
149986
1682767963
150127
1682767963
150269
2135490589
150269
2134638621
150835
2135490589
150835
2134638621
150835
1682767963
150976
1682767963
151401
2135490589
151401
2134638621
151401
1682767963
151542
1682767963
151968
2135490589
151968
2134638621
151968
1682833500
151968
1683030076
152109
2135490589
152109
2134638621
152251
2135490589
152251
2134638621
152251
1683030076
152392
2135490589
152392
2134638621
152534
1682767963
152534
1683030076
152817
1683030076
153100
2135490589
153100
2134638621
153100
1683030076
153241
2135490589
153241
2134638621
153383
2135490589
153383
2134638621
153383
1683030076
153666
1682767963
153666
1683030076
153949
1683030076
154232
2135490589
154232
2134638621
154232
1683030076
154373
2135490589
154373
2134638621
154515
2135490589
154515
2134638621
154515
1683030076
154656
2135490589
154656
2134638621
154798
1682767963
154798
1683030076
155081
1683030076
155364
2135490589
155364
2134638621
155364
1683030076
155505
2135490589
155505
2134638621
155647
1683030076
155930
2135490589
155930
2134638621
155930
1682767963
155930
1683030076
156071
2135490589
156071
2134638621
156213
1683030076
156496
2135490589
156496
2134638621
156496
1682833500
156496
1683030076
156637
2135490589
156637
2134638621
156779
2135490589
156779
2134638621
156779
1683030076
156920
2135490589
156920
2134638621
157062
1682767963
157062
1683030076
157345
1683030076
157628
2135490589
157628
2134638621
157628
1683030076
157769
2135490589
157769
2134638621
157911
2135490589
157911
2134638621
157911
1683030076
158194
1682767963
158194
1683030076
158477
1683030076
158760
2135490589
158760
2134638621
158760
1683030076
158901
2135490589
158901
2134638621
159043
2135490589
159043
2134638621
159043
1683030076
159184
2135490589
159184
2134638621
159326
1682767963
159326
1683030076
159609
1683030076
159892
2135490589
159892
2134638621
159892
1683030076
160033
1682767963
160175
1683030076
160316
2135490589
160316
2134638621
160387
2135490589
160387
2134638621
160458
1682767963
160458
1683030076
160599
2135490589
160599
2134638621
160741
1682767963
160882
1682767963
161024
2135490589
161024
2134638621
161024
1682833500
161165
2135490589
161165
2134638621
161307
2135490589
161307
2134638621
161307
1683030076
161448
2135490589
161448
2134638621
161590
1682767963
161590
1683030076
161873
1683030076
162156
2135490589
162156
2134638621
162156
1683030076
162297
2135490589
162297
2134638621
162439
2135490589
162439
2134638621
162439
1683030076
162722
1682767963
162722
1683030076
163005
1683030076
163288
2135490589
163288
2134638621
163288
1683030076
163429
2135490589
163429
2134638621
163571
2135490589
163571
2134638621
163571
1683030076
163712
2135490589
163712
2134638621
163854
1682767963
163854
1683030076
164137
1683030076
164420
2135490589
164420
2134638621
164420
1683030076
164561
2135490589
164561
2134638621
164703
1683030076
164986
2135490589
164986
2134638621
164986
1682767963
164986
1683030076
165127
2135490589
165127
2134638621
165269
1683030076
165552
2135490589
165552
2134638621
165552
1683030076
165693
2135490589
165693
2134638621
165835
2135490589
165835
2134638621
165835
1683030076
165976
2135490589
165976
2134638621
166118
1682767963
166118
1683030076
166401
1683030076
166684
2135490589
166684
2134638621
166684
1683030076
166825
2135490589
166825
2134638621
166967
2135490589
166967
2134638621
166967
1683030076
167250
1682767963
167250
1683030076
167533
1683030076
167817
2135490589
167817
2134638621
167817
1683030076
167958
2135490589
167958
2134638621
168100
2135490589
168100
2134638621
168100
1683030076
168241
2135490589
168241
2134638621
168383
1682767963
168383
1683030076
168666
1682767963
168736
1682767963
168807
1682767963
168878
1682767963
168949
1682767963
169090
1682767963
169232
1681850426
169232
1682702394
169302
1681850426
169302
1682702394
169373
1681850426
169373
1682702394
169444
1681850426
169444
1682702394
169515
1681850426
169515
1682702394
169656
1681850426
169656
1682702394
169798
1682636859
169798
1681784891
169939
1682636859
169939
1681784891
170081
2135490589
170081
2134638621
170081
1683030076
170222
2135490589
170222
2134638621
170364
2135490589
170364
2134638621
170364
1682964573
170505
2135490589
170505
2134638621
170647
2135490589
170647
2134638621
170647
1682767963
170647
1682964573
170788
2135490589
170788
2134638621
170930
2135490589
170930
2134638621
170930
1682964573
171071
2135490589
171071
2134638621
171071
1682964573
171213
2135490589
171213
2134638621
171213
1682964573
171354
2135490589
171354
2134638621
171496
2135490589
171496
2134638621
171496
1682964573
171637
2135490589
171637
2134638621
171779
2135490589
171779
2134638621
171779
1682767963
171779
1682964573
171920
2135490589
171920
2134638621
172062
2135490589
172062
2134638621
172062
1681850426
172062
1682702394
172062
1682964573
172203
2135490589
172203
2134638621
172203
1681850426
172203
1682702394
172345
2135490589
172345
2134638621
172345
1682964573
172486
2135490589
172486
2134638621
172486
1682636859
172486
1681784891
172628
2135490589
172628
2134638621
172628
1682964573
172769
2135490589
172769
2134638621
172911
2135490589
172911
2134638621
172911
1682767963
172911
1683030076
173052
2135490589
173052
2134638621
173194
2135490589
173194
2134638621
173194
1682964573
173335
2135490589
173335
2134638621
173335
1682964573
173477
2135490589
173477
2134638621
173477
1682964573
173618
2135490589
173618
2134638621
173760
2135490589
173760
2134638621
173760
1682964573
173901
2135490589
173901
2134638621
174043
2135490589
174043
2134638621
174043
1682767963
174043
1683030076
174184
2135490589
174184
2134638621
174326
2135490589
174326
2134638621
174326
2135556125
174326
2134704157
174467
2135490589
174467
2134638621
174467
2135556125
174467
2134704157
174609
2135490589
174609
2134638621
174609
1683030076
174750
2135490589
174750
2134638621
174892
2135490589
174892
2134638621
174892
1682964573
175033
2135490589
175033
2134638621
175175
2135490589
175175
2134638621
175175
1682767963
175175
1682964573
175316
2135490589
175316
2134638621
175458
2135490589
175458
2134638621
175458
1682964573
175599
2135490589
175599
2134638621
175599
1682964573
175741
2135490589
175741
2134638621
175741
1682964573
175882
2135490589
175882
2134638621
176024
2135490589
176024
2134638621
176024
1682964573
176165
2135490589
176165
2134638621
176307
2135490589
176307
2134638621
176307
1682767963
176307
1682964573
176448
2135490589
176448
2134638621
176590
2135490589
176590
2134638621
176590
1681850426
176590
1682702394
176590
1682964573
176731
2135490589
176731
2134638621
176731
1681850426
176731
1682702394
176873
2135490589
176873
2134638621
176873
1682964573
177014
2135490589
177014
2134638621
177014
1682636859
177014
1681784891
177156
2135490589
177156
2134638621
177156
1682964573
177297
2135490589
177297
2134638621
177439
2135490589
177439
2134638621
177439
1682767963
177439
1683030076
177580
2135490589
177580
2134638621
177722
2135490589
177722
2134638621
177722
1681850426
177722
1682702394
177792
1681850426
177792
1682702394
177863
2135490589
177863
2134638621
177863
1681850426
177863
1682702394
177934
1681850426
177934
1682702394
178005
2135490589
178005
2134638621
178005
1681850426
178005
1682702394
178146
2135490589
178146
2134638621
178146
1681850426
178146
1682702394
178288
2135490589
178288
2134638621
178288
1682636859
178288
1681784891
178429
2135490589
178429
2134638621
178429
1682636859
178429
1681784891
178571
2135490589
178571
2134638621
178571
1682636859
178571
1681784891
178712
2135490589
178712
2134638621
178712
1682636859
178712
1681784891
178854
2135490589
178854
2134638621
178854
2135556125
178854
2134704157
178995
2135490589
178995
2134638621
178995
2135556125
178995
2134704157
179137
2135490589
179137
2134638621
179137
1682833500
179278
2135490589
179278
2134638621
179420
2135490589
179420
2134638621
179420
1683030076
179561
2135490589
179561
2134638621
179703
1682767963
179703
1683030076
179986
1683030076
180269
2135490589
180269
2134638621
180269
1683030076
180410
2135490589
180410
2134638621
180552
2135490589
180552
2134638621
180552
1683030076
180835
1682767963
180835
1683030076
181118
1683030076
181401
2135490589
181401
2134638621
181401
1683030076
181542
2135490589
181542
2134638621
181684
2135490589
181684
2134638621
181684
1683030076
181825
2135490589
181825
2134638621
181967
1682767963
181967
1683030076
182250
1683030076
182533
2135490589
182533
2134638621
182533
1683030076
182674
2135490589
182674
2134638621
182816
1683030076
183099
2135490589
183099
2134638621
183099
1682767963
183099
1683030076
183241
2135490589
183241
2134638621
183383
1683030076
183666
2135490589
183666
2134638621
183666
1683030076
183807
2135490589
183807
2134638621
183949
2135490589
183949
2134638621
183949
1683030076
184090
2135490589
184090
2134638621
184232
1682767963
184232
1683030076
184515
1683030076
184798
2135490589
184798
2134638621
184798
1683030076
184939
2135490589
184939
2134638621
185081
2135490589
185081
2134638621
185081
1683030076
185364
1682767963
185364
1683030076
185647
1683030076
185930
2135490589
185930
2134638621
185930
1683030076
186071
2135490589
186071
2134638621
186213
2135490589
186213
2134638621
186213
1683030076
186354
2135490589
186354
2134638621
186496
1682767963
186496
1683030076
186779
1681850426
186779
1682702394
186849
1681850426
186849
1682702394
186920
1681850426
186920
1682702394
186991
1681850426
186991
1682702394
187062
1681850426
187062
1682702394
187203
1681850426
187203
1682702394
187345
1682767963
187415
1682767963
187486
1682767963
187557
1682767963
187628
1682767963
187769
1682767963
187911
1682636859
187911
1681784891
188052
1682636859
188052
1681784891
188194
2135490589
188194
2134638621
188194
1683030076
188335
2135490589
188335
2134638621
188477
2135490589
188477
2134638621
188477
1682964573
188618
2135490589
188618
2134638621
188760
2135490589
188760
2134638621
188760
1682767963
188760
1682964573
188901
2135490589
188901
2134638621
189043
2135490589
189043
2134638621
189043
1682964573
189184
2135490589
189184
2134638621
189184
1682964573
189326
2135490589
189326
2134638621
189326
1682964573
189467
2135490589
189467
2134638621
189609
2135490589
189609
2134638621
189609
1682964573
189750
2135490589
189750
2134638621
189892
2135490589
189892
2134638621
189892
1682767963
189892
1682964573
190033
2135490589
190033
2134638621
190175
2135490589
190175
2134638621
190175
1681850426
190175
1682702394
190175
1682964573
190316
2135490589
190316
2134638621
190316
1681850426
190316
1682702394
190458
2135490589
190458
2134638621
190458
1682964573
190599
2135490589
190599
2134638621
190599
1682636859
190599
1681784891
190741
2135490589
190741
2134638621
190741
1682964573
190882
2135490589
190882
2134638621
191024
2135490589
191024
2134638621
191024
1682767963
191024
1683030076
191165
2135490589
191165
2134638621
191307
2135490589
191307
2134638621
191307
1682964573
191448
2135490589
191448
2134638621
191448
1682964573
191590
2135490589
191590
2134638621
191590
1682964573
191731
2135490589
191731
2134638621
191873
2135490589
191873
2134638621
191873
1682964573
192014
2135490589
192014
2134638621
192156
2135490589
192156
2134638621
192156
1682767963
192156
1683030076
192297
2135490589
192297
2134638621
192439
2135490589
192439
2134638621
192439
2135556125
192439
2134704157
192580
2135490589
192580
2134638621
192580
2135556125
192580
2134704157
192722
2135490589
192722
2134638621
192722
1683030076
192863
2135490589
192863
2134638621
193005
2135490589
193005
2134638621
193005
1682964573
193146
2135490589
193146
2134638621
193288
2135490589
193288
2134638621
193288
1682767963
193288
1682964573
193429
2135490589
193429
2134638621
193571
2135490589
193571
2134638621
193571
1682964573
193712
2135490589
193712
2134638621
193712
1682964573
193854
2135490589
193854
2134638621
193854
1682964573
193995
2135490589
193995
2134638621
194137
2135490589
194137
2134638621
194137
1682964573
194278
2135490589
194278
2134638621
194420
2135490589
194420
2134638621
194420
1682767963
194420
1682964573
194561
2135490589
194561
2134638621
194703
2135490589
194703
2134638621
194703
1681850426
194703
1682702394
194703
1682964573
194844
2135490589
194844
2134638621
194844
1681850426
194844
1682702394
194986
2135490589
194986
2134638621
194986
1682964573
195127
2135490589
195127
2134638621
195127
1682636859
195127
1681784891
195269
2135490589
195269
2134638621
195269
1682964573
195410
2135490589
195410
2134638621
195552
2135490589
195552
2134638621
195552
1682767963
195552
1683030076
195693
2135490589
195693
2134638621
195835
2135490589
195835
2134638621
195835
1682964573
195976
2135490589
195976
2134638621
195976
1682964573
196118
2135490589
196118
2134638621
196118
1682964573
196259
2135490589
196259
2134638621
196401
2135490589
196401
2134638621
196401
1682964573
196542
2135490589
196542
2134638621
196684
2135490589
196684
2134638621
196684
1682767963
196684
1683030076
196825
2135490589
196825
2134638621
196967
2135490589
196967
2134638621
196967
1682767963
196967
1683030076
197108
2135490589
197108
2134638621
197250
2135490589
197250
2134638621
197250
1682833500
197250
1683030076
197391
2135490589
197391
2134638621
197533
2135490589
197533
2134638621
197533
1682964573
197674
2135490589
197674
2134638621
197816
2135490589
197816
2134638621
197816
1682767963
197816
1682964573
197957
2135490589
197957
2134638621
198099
2135490589
198099
2134638621
198099
1682964573
198240
2135490589
198240
2134638621
198240
1682964573
198382
2135490589
198382
2134638621
198382
1682964573
198523
2135490589
198523
2134638621
198665
2135490589
198665
2134638621
198665
1682964573
198806
2135490589
198806
2134638621
198948
2135490589
198948
2134638621
198948
1682767963
198948
1682964573
199090
2135490589
199090
2134638621
199232
2135490589
199232
2134638621
199232
1681850426
199232
1682702394
199232
1682964573
199373
2135490589
199373
2134638621
199373
1681850426
199373
1682702394
199515
2135490589
199515
2134638621
199515
1682964573
199656
2135490589
199656
2134638621
199656
1682636859
199656
1681784891
199798
2135490589
199798
2134638621
199798
1682964573
199939
2135490589
199939
2134638621
200081
2135490589
200081
2134638621
200081
1682767963
200081
1683030076
200222
2135490589
200222
2134638621
200364
2135490589
200364
2134638621
200364
1682964573
200505
2135490589
200505
2134638621
200505
1682964573
200647
2135490589
200647
2134638621
200647
1682964573
200788
2135490589
200788
2134638621
200930
2135490589
200930
2134638621
200930
1682964573
201071
2135490589
201071
2134638621
201213
2135490589
201213
2134638621
201213
1682767963
201213
1683030076
201354
2135490589
201354
2134638621
201496
2135490589
201496
2134638621
201496
2135556125
201496
2134704157
201637
2135490589
201637
2134638621
201637
2135556125
201637
2134704157
201779
2135490589
201779
2134638621
201779
1683030076
201920
2135490589
201920
2134638621
202062
2135490589
202062
2134638621
202062
1682964573
202203
2135490589
202203
2134638621
202345
2135490589
202345
2134638621
202345
1682767963
202345
1682964573
202486
2135490589
202486
2134638621
202628
2135490589
202628
2134638621
202628
1682964573
202769
2135490589
202769
2134638621
202769
1682964573
202911
2135490589
202911
2134638621
202911
1682964573
203052
2135490589
203052
2134638621
203194
2135490589
203194
2134638621
203194
1682964573
203335
2135490589
203335
2134638621
203477
2135490589
203477
2134638621
203477
1682767963
203477
1682964573
203618
2135490589
203618
2134638621
203760
2135490589
203760
2134638621
203760
1681850426
203760
1682702394
203760
1682964573
203901
2135490589
203901
2134638621
203901
1681850426
203901
1682702394
204043
2135490589
204043
2134638621
204043
1682964573
204184
2135490589
204184
2134638621
204184
1682636859
204184
1681784891
204326
2135490589
204326
2134638621
204326
1682964573
204467
2135490589
204467
2134638621
204609
2135490589
204609
2134638621
204609
1682767963
204609
1683030076
204750
2135490589
204750
2134638621
204892
2135490589
204892
2134638621
204892
1682767963
204962
1682767963
205033
2135490589
205033
2134638621
205033
1682767963
205104
1682767963
205175
2135490589
205175
2134638621
205175
1682767963
205316
2135490589
205316
2134638621
205316
1682767963
205458
2135490589
205458
2134638621
205458
1681850426
205458
1682702394
205528
1681850426
205528
1682702394
205599
2135490589
205599
2134638621
205599
1681850426
205599
1682702394
205670
1681850426
205670
1682702394
205741
2135490589
205741
2134638621
205741
1681850426
205741
1682702394
205882
2135490589
205882
2134638621
205882
1681850426
205882
1682702394
206024
2135490589
206024
2134638621
206024
1682636859
206024
1681784891
206165
2135490589
206165
2134638621
206165
1682636859
206165
1681784891
206307
2135490589
206307
2134638621
206307
1683030076
206448
2135490589
206448
2134638621
206590
2135490589
206590
2134638621
206590
1682964573
206731
2135490589
206731
2134638621
206873
2135490589
206873
2134638621
206873
1682767963
206873
1682964573
207014
2135490589
207014
2134638621
207156
2135490589
207156
2134638621
207156
1682964573
207297
2135490589
207297
2134638621
207297
1682964573
207439
2135490589
207439
2134638621
207439
1682964573
207580
2135490589
207580
2134638621
207722
2135490589
207722
2134638621
207722
1682964573
207863
2135490589
207863
2134638621
208005
2135490589
208005
2134638621
208005
1682767963
208005
1682964573
208146
2135490589
208146
2134638621
208146
1682964573
208288
2135490589
208288
2134638621
208288
1682964573
208429
2135490589
208429
2134638621
208571
2135490589
208571
2134638621
208571
1682964573
208712
2135490589
208712
2134638621
208712
1682964573
208854
2135490589
208854
2134638621
208854
1682964573
208995
2135490589
208995
2134638621
209137
2135490589
209137
2134638621
209137
1682767963
209137
1682964573
209278
2135490589
209278
2134638621
209420
2135490589
209420
2134638621
209420
1682964573
209561
2135490589
209561
2134638621
209561
1682964573
209703
2135490589
209703
2134638621
209703
1682964573
209844
2135490589
209844
2134638621
209986
2135490589
209986
2134638621
209986
1682964573
210127
2135490589
210127
2134638621
210269
2135490589
210269
2134638621
210269
1682767963
210269
1682964573
210410
2135490589
210410
2134638621
210410
1682964573
210552
2135490589
210552
2134638621
210552
1682964573
210693
2135490589
210693
2134638621
210835
2135490589
210835
2134638621
210835
1682964573
210976
2135490589
210976
2134638621
210976
1682964573
211118
2135490589
211118
2134638621
211118
1682964573
211259
2135490589
211259
2134638621
211401
2135490589
211401
2134638621
211401
1682767963
211401
1682964573
211542
2135490589
211542
2134638621
211684
2135490589
211684
2134638621
211684
1682964573
211825
2135490589
211825
2134638621
211825
1682964573
211967
2135490589
211967
2134638621
211967
1682964573
212108
2135490589
212108
2134638621
212250
2135490589
212250
2134638621
212250
1682964573
212391
2135490589
212391
2134638621
212533
2135490589
212533
2134638621
212533
1682767963
212533
1682964573
212674
2135490589
212674
2134638621
212674
1682964573
212816
2135490589
212816
2134638621
212816
1682964573
212957
2135490589
212957
2134638621
213099
2135490589
213099
2134638621
213099
1682964573
213240
2135490589
213240
2134638621
213240
1682964573
213382
2135490589
213382
2134638621
213382
1682964573
213523
2135490589
213523
2134638621
213665
2135490589
213665
2134638621
213665
1682767963
213665
1682964573
213806
2135490589
213806
2134638621
213948
2135490589
213948
2134638621
213948
1682964573
214089
2135490589
214089
2134638621
214089
1682964573
214231
2135490589
214231
2134638621
214231
1682964573
214372
2135490589
214372
2134638621
214514
2135490589
214514
2134638621
214514
1682964573
214656
2135490589
214656
2134638621
214798
2135490589
214798
2134638621
214798
1682767963
214798
1683030076
214939
2135490589
214939
2134638621
215081
2135490589
215081
2134638621
215081
1682767963
215081
1683030076
215222
2135490589
215222
2134638621
215364
2135490589
215364
2134638621
215364
1682964573
215505
2135490589
215505
2134638621
215505
1682964573
215647
2135490589
215647
2134638621
215647
1682964573
215788
2135490589
215788
2134638621
215930
2135490589
215930
2134638621
215930
1682767963
215930
1682964573
216071
2135490589
216071
2134638621
216213
2135490589
216213
2134638621
216213
1682964573
216354
2135490589
216354
2134638621
216354
1682964573
216496
2135490589
216496
2134638621
216496
1682964573
216637
2135490589
216637
2134638621
216779
2135490589
216779
2134638621
216779
1682964573
216920
2135490589
216920
2134638621
217062
2135490589
217062
2134638621
217062
1682767963
217062
1682964573
217203
2135490589
217203
2134638621
217203
1682964573
217345
2135490589
217345
2134638621
217345
1682964573
217486
2135490589
217486
2134638621
217628
2135490589
217628
2134638621
217628
1682964573
217769
2135490589
217769
2134638621
217769
1682964573
217911
2135490589
217911
2134638621
217911
1682964573
218052
2135490589
218052
2134638621
218194
2135490589
218194
2134638621
218194
1682767963
218194
1682964573
218335
2135490589
218335
2134638621
218477
2135490589
218477
2134638621
218477
1682964573
218618
2135490589
218618
2134638621
218618
1682964573
218760
2135490589
218760
2134638621
218760
1682964573
218901
2135490589
218901
2134638621
219043
2135490589
219043
2134638621
219043
1682964573
219184
2135490589
219184
2134638621
219326
2135490589
219326
2134638621
219326
1682767963
219326
1682964573
219467
2135490589
219467
2134638621
219467
1682964573
219609
2135490589
219609
2134638621
219609
1682964573
219750
2135490589
219750
2134638621
219892
2135490589
219892
2134638621
219892
1682964573
220033
2135490589
220033
2134638621
220033
1682964573
220175
2135490589
220175
2134638621
220175
1682964573
220316
2135490589
220316
2134638621
220458
2135490589
220458
2134638621
220458
1682767963
220458
1682964573
220599
2135490589
220599
2134638621
220741
2135490589
220741
2134638621
220741
1682964573
220882
2135490589
220882
2134638621
220882
1682964573
221024
2135490589
221024
2134638621
221024
1682964573
221165
2135490589
221165
2134638621
221307
2135490589
221307
2134638621
221307
1682964573
221448
2135490589
221448
2134638621
221590
2135490589
221590
2134638621
221590
1682767963
221590
1682964573
221731
2135490589
221731
2134638621
221873
2135490589
221873
2134638621
221873
1682964573
222014
2135490589
222014
2134638621
222156
2135490589
222156
2134638621
222156
1683030076
222722
2135490589
222722
2134638621
222722
1682767963
222722
1683030076
223288
2135490589
223288
2134638621
223288
1683030076
223854
2135490589
223854
2134638621
223854
1682767963
223854
1683030076
224420
2135490589
224420
2134638621
224420
1682833500
224420
1682964573
226684
2135490589
226684
2134638621
226684
1683030076
226754
2135490589
226754
2134638621
226825
2135490589
226825
2134638621
226896
2135490589
226896
2134638621
226967
2135490589
226967
2134638621
227037
2135490589
227037
2134638621
227108
2135490589
227108
2134638621
227179
2135490589
227179
2134638621
227250
1682767963
227250
1682833500
227391
2135490589
227391
2134638621
227816
2135490589
227816
2134638621
227816
1682833500
227886
2135490589
227886
2134638621
227957
2135490589
227957
2134638621
228028
2135490589
228028
2134638621
228099
2135490589
228099
2134638621
228169
2135490589
228169
2134638621
228240
2135490589
228240
2134638621
228311
2135490589
228311
2134638621
228382
1682767963
228382
1682833500
228523
2135490589
228523
2134638621
228948
2135490589
228948
2134638621
228948
1682833500
229018
2135490589
229018
2134638621
229089
2135490589
229089
2134638621
229160
2135490589
229160
2134638621
229231
2135490589
229231
2134638621
229301
2135490589
229301
2134638621
229372
2135490589
229372
2134638621
229443
2135490589
229443
2134638621
229514
1682767963
229514
1682833500
229655
2135490589
229655
2134638621
230080
2135490589
230080
2134638621
230080
1682833500
230150
2135490589
230150
2134638621
230221
2135490589
230221
2134638621
230292
2135490589
230292
2134638621
230363
2135490589
230363
2134638621
230434
2135490589
230434
2134638621
230505
2135490589
230505
2134638621
230576
2135490589
230576
2134638621
230647
1682767963
230647
1682833500
230788
2135490589
230788
2134638621
231213
2135490589
231213
2134638621
231213
1682833500
231283
2135490589
231283
2134638621
231354
2135490589
231354
2134638621
231425
2135490589
231425
2134638621
231496
2135490589
231496
2134638621
231566
2135490589
231566
2134638621
231637
2135490589
231637
2134638621
231708
2135490589
231708
2134638621
231779
1682767963
231779
1682833500
231920
2135490589
231920
2134638621
232345
2135490589
232345
2134638621
232345
1682833500
232415
2135490589
232415
2134638621
232486
2135490589
232486
2134638621
232557
2135490589
232557
2134638621
232628
2135490589
232628
2134638621
232698
2135490589
232698
2134638621
232769
2135490589
232769
2134638621
232840
2135490589
232840
2134638621
232911
1682767963
232911
1682833500
233052
2135490589
233052
2134638621
233477
2135490589
233477
2134638621
233477
1682833500
233547
2135490589
233547
2134638621
233618
2135490589
233618
2134638621
233689
2135490589
233689
2134638621
233760
2135490589
233760
2134638621
233830
2135490589
233830
2134638621
233901
2135490589
233901
2134638621
233972
2135490589
233972
2134638621
234043
1682767963
234043
1682833500
234184
2135490589
234184
2134638621
234609
1682767963
234797
2135490589
234797
2134638621
234797
1683030076
234986
2135490589
234986
2134638621
234986
1683030076
235175
1682767963
235363
2135490589
235363
2134638621
235363
1683030076
235552
2135490589
235552
2134638621
235552
1683030076
235741
2135490589
235741
2134638621
235741
1682833500
235741
1683030076
235811
2135490589
235811
2134638621
235882
2135490589
235882
2134638621
235953
2135490589
235953
2134638621
236024
2135490589
236024
2134638621
236094
2135490589
236094
2134638621
236165
2135490589
236165
2134638621
236236
2135490589
236236
2134638621
236307
1682767963
236307
1682964573
236448
2135490589
236448
2134638621
236873
2135490589
236873
2134638621
236873
1682833500
236943
2135490589
236943
2134638621
237014
2135490589
237014
2134638621
237085
2135490589
237085
2134638621
237156
2135490589
237156
2134638621
237226
2135490589
237226
2134638621
237297
2135490589
237297
2134638621
237368
2135490589
237368
2134638621
237439
1682767963
237439
1683030076
237580
2135490589
237580
2134638621
238005
2135490589
238005
2134638621
238005
1682833500
238075
2135490589
238075
2134638621
238146
2135490589
238146
2134638621
238217
2135490589
238217
2134638621
238288
2135490589
238288
2134638621
238358
2135490589
238358
2134638621
238429
2135490589
238429
2134638621
238500
2135490589
238500
2134638621
238571
1682767963
238571
1682964573
238712
2135490589
238712
2134638621
239137
2135490589
239137
2134638621
239137
1682833500
239207
2135490589
239207
2134638621
239278
2135490589
239278
2134638621
239349
2135490589
239349
2134638621
239420
2135490589
239420
2134638621
239490
2135490589
239490
2134638621
239561
2135490589
239561
2134638621
239632
2135490589
239632
2134638621
239703
1682767963
239703
1683030076
239844
2135490589
239844
2134638621
240269
2135490589
240269
2134638621
240269
1682833500
240339
2135490589
240339
2134638621
240410
2135490589
240410
2134638621
240481
2135490589
240481
2134638621
240552
2135490589
240552
2134638621
240622
2135490589
240622
2134638621
240693
2135490589
240693
2134638621
240764
2135490589
240764
2134638621
240835
1682767963
240835
1682964573
240976
2135490589
240976
2134638621
241401
2135490589
241401
2134638621
241401
1682833500
241471
2135490589
241471
2134638621
241542
2135490589
241542
2134638621
241613
2135490589
241613
2134638621
241684
2135490589
241684
2134638621
241754
2135490589
241754
2134638621
241825
2135490589
241825
2134638621
241896
2135490589
241896
2134638621
241967
1682767963
241967
1683030076
242108
2135490589
242108
2134638621
242533
2135490589
242533
2134638621
242533
1682833500
242603
2135490589
242603
2134638621
242674
2135490589
242674
2134638621
242745
2135490589
242745
2134638621
242816
2135490589
242816
2134638621
242886
2135490589
242886
2134638621
242957
2135490589
242957
2134638621
243028
2135490589
243028
2134638621
243099
1682767963
243099
1682964573
243240
2135490589
243240
2134638621
243665
1682767963
243853
2135490589
243853
2134638621
243853
1683030076
244042
2135490589
244042
2134638621
244042
1683030076
244231
1682767963
244419
2135490589
244419
2134638621
244419
1683030076
244608
2135490589
244608
2134638621
244608
1683030076
244797
2135490589
244797
2134638621
244797
1682833500
244797
1683030076
