4150
2135490589
4150
2134638621
4150
1682833500
4150
1683030076
4215
2135490589
4215
2134638621
4281
2135490589
4281
2134638621
4411
2135490589
4411
2134638621
4411
1683030076
4542
2135490589
4542
2134638621
4606
2135490589
4606
2134638621
4672
2135490589
4672
2134638621
4672
1683030076
4802
2135490589
4802
2134638621
4932
2135490589
4932
2134638621
4932
1683030076
4997
2135490589
4997
2134638621
5062
2135490589
5062
2134638621
5193
2135490589
5193
2134638621
5193
1682767963
5193
1683030076
5323
2135490589
5323
2134638621
5388
2135490589
5388
2134638621
5454
2135490589
5454
2134638621
5454
1683030076
5584
2135490589
5584
2134638621
5715
2135490589
5715
2134638621
5715
1683030076
5780
2135490589
5780
2134638621
5845
2135490589
5845
2134638621
5976
2135490589
5976
2134638621
5976
1683030076
6106
2135490589
6106
2134638621
6171
2135490589
6171
2134638621
6237
2135490589
6237
2134638621
6237
1683030076
6367
2135490589
6367
2134638621
6498
2135490589
6498
2134638621
6498
1683030076
6563
2135490589
6563
2134638621
6628
2135490589
6628
2134638621
6759
2135490589
6759
2134638621
6759
1683030076
6889
2135490589
6889
2134638621
6954
2135490589
6954
2134638621
7019
2135490589
7019
2134638621
7019
1683030076
7149
2135490589
7149
2134638621
7280
2135490589
7280
2134638621
7280
1682767963
7280
1683030076
7345
2135490589
7345
2134638621
7410
2135490589
7410
2134638621
7541
2135490589
7541
2134638621
7541
1683030076
7671
2135490589
7671
2134638621
7736
2135490589
7736
2134638621
7802
2135490589
7802
2134638621
7802
1683030076
7932
2135490589
7932
2134638621
8063
2135490589
8063
2134638621
8063
1683030076
8128
2135490589
8128
2134638621
8193
2135490589
8193
2134638621
8324
2135490589
8324
2134638621
8324
1683030076
8454
2135490589
8454
2134638621
8519
2135490589
8519
2134638621
8584
2135490589
8584
2134638621
8584
1683030076
8715
2135490589
8715
2134638621
8846
2135490589
8846
2134638621
8846
1683030076
8911
2135490589
8911
2134638621
8975
2135490589
8975
2134638621
9106
2135490589
9106
2134638621
9106
1683030076
9236
2135490589
9236
2134638621
9301
2135490589
9301
2134638621
9367
2135490589
9367
2134638621
9367
1682767963
9367
1683030076
9497
2135490589
9497
2134638621
9628
2135490589
9628
2134638621
9628
1683030076
9693
2135490589
9693
2134638621
9758
2135490589
9758
2134638621
9889
2135490589
9889
2134638621
9889
1683030076
10019
2135490589
10019
2134638621
10085
2135490589
10085
2134638621
10150
2135490589
10150
2134638621
10150
1683030076
10280
2135490589
10280
2134638621
10411
2135490589
10411
2134638621
10411
1683030076
10476
2135490589
10476
2134638621
10541
2135490589
10541
2134638621
10672
2135490589
10672
2134638621
10672
1683030076
10802
2135490589
10802
2134638621
10867
2135490589
10867
2134638621
10933
2135490589
10933
2134638621
10933
1683030076
11062
2135490589
11062
2134638621
11193
2135490589
11193
2134638621
11193
1683030076
11258
2135490589
11258
2134638621
11323
2135490589
11323
2134638621
11454
2135490589
11454
2134638621
11454
1682767963
11454
1683030076
11585
2135490589
11585
2134638621
11650
2135490589
11650
2134638621
11715
2135490589
11715
2134638621
11715
1683030076
11845
2135490589
11845
2134638621
11976
2135490589
11976
2134638621
11976
1683030076
12041
2135490589
12041
2134638621
12106
2135490589
12106
2134638621
12237
2135490589
12237
2134638621
12237
1683030076
12367
2135490589
12367
2134638621
12432
2135490589
12432
2134638621
12498
2135490589
12498
2134638621
12498
1683030076
12627
2135490589
12627
2134638621
12758
2135490589
12758
2134638621
12758
1683030076
12823
2135490589
12823
2134638621
12889
2135490589
12889
2134638621
13020
2135490589
13020
2134638621
13020
1683030076
13150
2135490589
13150
2134638621
13215
2135490589
13215
2134638621
13280
2135490589
13280
2134638621
13280
1683030076
13410
2135490589
13410
2134638621
13541
2135490589
13541
2134638621
13541
1682767963
13541
1683030076
13606
2135490589
13606
2134638621
13671
2135490589
13671
2134638621
13802
2135490589
13802
2134638621
13802
1683030076
13932
2135490589
13932
2134638621
13997
2135490589
13997
2134638621
14063
2135490589
14063
2134638621
14063
1683030076
14192
2135490589
14192
2134638621
14324
2135490589
14324
2134638621
14324
1683030076
14389
2135490589
14389
2134638621
14454
2135490589
14454
2134638621
14585
2135490589
14585
2134638621
14585
1683030076
14716
2135490589
14716
2134638621
14781
2135490589
14781
2134638621
14846
2135490589
14846
2134638621
14846
1683030076
14976
2135490589
14976
2134638621
15107
2135490589
15107
2134638621
15107
1683030076
15171
2135490589
15171
2134638621
15236
2135490589
15236
2134638621
15367
2135490589
15367
2134638621
15367
1683030076
15497
2135490589
15497
2134638621
15562
2135490589
15562
2134638621
15628
2135490589
15628
2134638621
15628
1682767963
15628
1683030076
15758
2135490589
15758
2134638621
15889
2135490589
15889
2134638621
15889
1683030076
15954
2135490589
15954
2134638621
16019
2135490589
16019
2134638621
16150
2135490589
16150
2134638621
16150
1683030076
16281
2135490589
16281
2134638621
16346
2135490589
16346
2134638621
16411
2135490589
16411
2134638621
16411
1683030076
16541
2135490589
16541
2134638621
16672
2135490589
16672
2134638621
16672
1683030076
16737
2135490589
16737
2134638621
16801
2135490589
16801
2134638621
16932
2135490589
16932
2134638621
16932
1683030076
17062
2135490589
17062
2134638621
17127
2135490589
17127
2134638621
17193
2135490589
17193
2134638621
17193
1683030076
17323
2135490589
17323
2134638621
17454
2135490589
17454
2134638621
17454
1683030076
17519
2135490589
17519
2134638621
17584
2135490589
17584
2134638621
17715
2135490589
17715
2134638621
17715
1682767963
17715
1683030076
17846
2135490589
17846
2134638621
17911
2135490589
17911
2134638621
17976
2135490589
17976
2134638621
17976
1683030076
18106
2135490589
18106
2134638621
18237
2135490589
18237
2134638621
18237
1683030076
18302
2135490589
18302
2134638621
18367
2135490589
18367
2134638621
18498
2135490589
18498
2134638621
18498
1683030076
18628
2135490589
18628
2134638621
18693
2135490589
18693
2134638621
18759
2135490589
18759
2134638621
18759
1683030076
18888
2135490589
18888
2134638621
19019
2135490589
19019
2134638621
19019
1683030076
19084
2135490589
19084
2134638621
19149
2135490589
19149
2134638621
19280
2135490589
19280
2134638621
19280
1683030076
19411
2135490589
19411
2134638621
19476
2135490589
19476
2134638621
19541
2135490589
19541
2134638621
19541
1683030076
19671
2135490589
19671
2134638621
19802
2135490589
19802
2134638621
19802
1682767963
19802
1683030076
19867
2135490589
19867
2134638621
19932
2135490589
19932
2134638621
20063
2135490589
20063
2134638621
20063
1683030076
20193
2135490589
20193
2134638621
20258
2135490589
20258
2134638621
20324
2135490589
20324
2134638621
20324
1683030076
20453
2135490589
20453
2134638621
20584
2135490589
20584
2134638621
20584
1683030076
20650
2135490589
20650
2134638621
20715
2135490589
20715
2134638621
20846
2135490589
20846
2134638621
20846
1683030076
20976
2135490589
20976
2134638621
21041
2135490589
21041
2134638621
21106
2135490589
21106
2134638621
21106
1683030076
21236
2135490589
21236
2134638621
21367
2135490589
21367
2134638621
